Spot ID	Substance	Confidence	Signal	Valid	Background	Mean
1	JE.j.34	1.000000	0.197692	0	0.900061	0.711052
2	SLEV.ja.50	1.000000	-0.000516	0	0.904263	0.904758
3	WNV.2.w2.13	0.872481	0.001939	0	0.907510	0.905641
4	YFV.1.ja.67	0.910485	0.001988	0	0.909141	0.907221
5	JE.2.j.38	0.942321	0.004800	0	0.908254	0.903624
6	MVEV.JEVG.MV.ja.48	0.581332	0.005207	0	0.904911	0.899907
7	WNV.1a.f.11	1.000000	0.095102	0	0.905084	0.813650
8	TBV.f.58	1.000000	-0.003902	0	0.904512	0.908261
9	Deng.4.f3.18	0.863636	-0.006169	0	0.903565	0.909486
10	JEVG.MV.f.47	0.807563	-0.003087	0	0.904413	0.907379
11	WNV.f.1	1.000000	0.042593	0	0.904741	0.863807
12	RioBrVG.0.ja.85	0.872481	-0.000570	0	0.904446	0.904994
13	UsutuV.j.55	0.863636	-0.006962	0	0.903546	0.910228
14	TBVG.f.76	0.831332	-0.002159	0	0.902681	0.904751
15	f.87	0.704538	-0.004430	0	0.903538	0.907790
16	Deng.1.f3.29	0.692321	0.006488	0	0.907844	0.901587
17	Deng.3.f.32	1.000000	0.002957	0	0.909930	0.907072
18	JEVG.Nt.ja.53	0.942321	0.012795	0	0.908897	0.896544
19	PowVG.f.81	0.868718	-0.001645	0	0.907447	0.909033
20	f.97	0.834477	0.002919	0	0.908249	0.905433
21	f.96	0.942321	0.033505	0	0.901124	0.869053
22	f.95	1.000000	0.006250	0	0.903839	0.897838
23	f.94	0.892542	-0.001480	0	0.905007	0.906430
24	Deng.2.w2.31	0.892542	0.017378	0	0.905744	0.889025
25	JEVG.Ig.f.39	0.736117	0.004949	0	0.907260	0.902490
26	WNV.1b.f.10	1.000000	0.006604	0	0.907038	0.900675
27	YFV.3.f.68-67	0.807563	0.001412	0	0.906213	0.904854
28	TBV.f.57	0.840902	-0.002999	0	0.905414	0.908298
29	YFVG.ja.63-61	0.750000	0.002949	0	0.908794	0.905947
30	WNV.f.9	1.000000	0.074767	0	0.907063	0.835023
31	f.98	1.000000	0.005011	0	0.906727	0.901901
32	f.92	0.872481	0.002657	0	0.907203	0.904643
33	YFVG.f2.62-61	0.942321	-0.001755	0	0.905414	0.907102
34	MosqFlav.3.f.71-70	0.847518	-0.002781	0	0.903856	0.906526
35	Tyuleniy.f.83	0.942321	-0.002886	0	0.898539	0.901293
36	Meaban.ja.83	1.000000	-0.002283	0	0.903868	0.906061
37	Edge_Hill.YFVG.j.60	0.597518	-0.002308	0	0.905717	0.907937
38	NoVertHost.f.69	0.847518	0.002523	0	0.906733	0.904302
39	TBVG.f2.77	0.721480	-0.003122	0	0.908698	0.911712
40	WNV.2.f2.12	0.868718	-0.003301	0	0.907133	0.910314
41	YFVG.f.61	0.905806	-0.003634	0	0.906951	0.910452
42	TBV.f.56	0.948489	-0.002576	0	0.903819	0.906292
43	WNV.1a.f.7	1.000000	0.029672	0	0.904975	0.876451
44	RioBrVG.f.75-75	0.905806	-0.003262	0	0.903482	0.906613
45	TBVG.f.79-77	0.901264	-0.001863	0	0.901739	0.903523
46	JEVG.Zi.f.46-45	0.910485	0.004100	0	0.905582	0.901638
47	SLEV.jj.52	0.788451	-0.004079	0	0.904669	0.908589
48	JEVG.Ig-aroa.ja.41	1.000000	0.005749	0	0.907370	0.901829
49	aroa.JEVG.Ig.f.44-39	0.863636	-0.003400	0	0.908008	0.911288
50	JEVG.Ig.f.42	1.000000	-0.000424	0	0.911213	0.911624
51	f.86	1.000000	0.000185	0	0.912204	0.912024
52	RioBrVG.1.f2.84	0.942321	-0.000712	0	0.910784	0.911473
53	TBVG.f.80-77	1.000000	-0.004542	0	0.905883	0.910254
54	TBVG.f2.78	0.863636	-0.004069	0	0.905149	0.909062
55	JEVG.Zi.f.45	0.756178	-0.003738	0	0.903778	0.907366
56	NoVertHost.0.f.73	0.834477	-0.002764	0	0.902019	0.904667
57	Deng.4.w2.19	1.000000	-0.006906	0	0.901264	0.907876
58	WNV.2.w2.14	0.831332	-0.005181	0	0.902843	0.907811
59	UsutuV.f.54	0.807563	-0.003474	0	0.902875	0.906207
60	Deng.f.17	0.732354	0.002528	0	0.905027	0.902596
61	SeaBTB.ja.72	0.694968	-0.004773	0	0.905847	0.910440
62	JE.j.33	0.942321	0.188326	0	0.904903	0.723880
63	Deng.1.f3.30	0.807563	0.003128	0	0.905742	0.902733
64	MVEV.JEVG.MV.j.49	1.000000	0.011404	0	0.903021	0.892082
65	JE.jj.36	1.000000	0.172257	0	0.900950	0.736095
66	SLEV.jj.51	0.819157	-0.000836	0	0.902831	0.903633
67	MosqFlav.f.70	0.613636	0.002851	0	0.906720	0.903974
68	JEVG.Ig-aroa.ja.40	0.857843	0.001814	0	0.906567	0.904820
69	JE.jj.37	1.000000	0.160985	0	0.905956	0.751033
70	JE.jj.35	1.000000	0.027194	0	0.907227	0.881020
71	YFV.f.66	0.822143	0.002229	0	0.912586	0.910425
72	Edge_Hill.YFVG.j.59	0.538451	-0.001468	0	0.911931	0.913352
73	YFV.f.65	0.863636	-0.003455	0	0.910384	0.913725
74	RioBrVG.ja.74	1.000000	-0.003585	0	0.907502	0.910958
75	YFV.f.64	0.584477	-0.005666	0	0.907516	0.912979
76	WNV.2.f.8	0.942321	0.005004	0	0.905676	0.900862
77	f.88	0.868718	-0.005445	0	0.903933	0.909161
78	f.43-16	1.000000	0.104894	0	0.904656	0.803857
79	fw.23	0.736117	0.003777	0	0.905594	0.901961
80	f.93	0.892542	0.004608	0	0.907498	0.903056
81	f.99	0.831332	0.001070	0	0.902289	0.901263
82	f.90	0.682793	-0.003895	0	0.906055	0.909804
83	f.91	0.857843	-0.001396	0	0.905483	0.906826
84	0,1M NaPP Standard pH 9	0.807563	-0.002263	0	0.904154	0.906328
85	Biotin-Marke_2,5µM	1.000000	0.222434	0	0.900001	0.687350
87	JE.j.34	1.000000	0.139981	0	0.901866	0.767764
88	SLEV.ja.50	0.905806	-0.002538	0	0.906974	0.909419
92	WNV.2.w2.13	0.807563	0.023450	0	0.911753	0.889042
93	YFV.1.ja.67	0.831332	-0.000944	0	0.913010	0.913926
94	JE.2.j.38	0.769443	-0.003523	0	0.910635	0.914043
95	MVEV.JEVG.MV.ja.48	0.769443	-0.005937	0	0.910211	0.915951
96	WNV.1a.f.11	1.000000	0.155492	0	0.906355	0.756653
97	TBV.f.58	0.764900	-0.002108	0	0.908723	0.910758
98	Deng.4.f3.18	0.847518	0.005818	0	0.907123	0.901517
102	JEVG.MV.f.47	0.613636	-0.000764	0	0.899112	0.899841
103	WNV.f.1	1.000000	0.028987	0	0.902418	0.874632
104	RioBrVG.0.ja.85	0.769443	-0.003717	0	0.903797	0.907366
105	UsutuV.j.55	1.000000	-0.003717	0	0.903469	0.907037
106	TBVG.f.76	0.892542	-0.001833	0	0.903416	0.905174
107	f.87	0.840902	-0.001198	0	0.904166	0.905317
108	Deng.1.f3.29	1.000000	-0.004824	0	0.904231	0.908865
109	Deng.3.f.32	0.756178	0.004229	0	0.908479	0.904398
113	JEVG.Nt.ja.53	1.000000	0.010146	0	0.911175	0.901355
114	PowVG.f.81	0.863636	-0.006887	0	0.911613	0.918283
115	f.97	0.618718	0.004026	0	0.911273	0.907376
116	f.96	1.000000	0.039560	0	0.909538	0.871317
117	f.95	1.000000	0.005119	0	0.910480	0.905529
118	f.94	0.822143	-0.001364	0	0.910991	0.912312
119	Deng.2.w2.31	0.892542	0.002879	0	0.910730	0.907945
123	JEVG.Ig.f.39	0.948489	-0.004161	0	0.900044	0.904022
124	WNV.1b.f.10	0.789112	0.003573	0	0.904013	0.900583
125	YFV.3.f.68-67	0.655806	0.001879	0	0.906572	0.904762
126	TBV.f.57	0.750000	0.000837	0	0.907754	0.906947
127	YFVG.ja.63-61	0.868718	-0.001765	0	0.902519	0.904211
128	WNV.f.9	1.000000	0.058255	0	0.905160	0.849147
129	f.98	1.000000	0.007624	0	0.910705	0.903330
130	f.92	1.000000	0.001030	0	0.909185	0.908190
134	YFVG.f2.62-61	1.000000	-0.001491	0	0.911765	0.913210
135	MosqFlav.3.f.71-70	0.692321	0.002822	0	0.911041	0.908310
136	Tyuleniy.f.83	0.822143	0.002109	0	0.912253	0.910209
137	Meaban.ja.83	0.788451	0.014669	0	0.911797	0.897590
138	Edge_Hill.YFVG.j.60	0.812125	-0.002342	0	0.911775	0.914043
139	NoVertHost.f.69	0.704538	0.003063	0	0.912242	0.909274
140	TBVG.f2.77	0.597518	0.003742	0	0.910623	0.907003
144	WNV.2.f2.12	1.000000	-0.002865	0	0.905057	0.907811
145	YFVG.f.61	0.868718	-0.005559	0	0.905294	0.910640
146	TBV.f.56	0.736117	0.003882	0	0.908250	0.904504
147	WNV.1a.f.7	0.942321	0.024640	0	0.908933	0.885144
148	RioBrVG.f.75-75	1.000000	-0.007637	0	0.902724	0.910047
149	TBVG.f.79-77	1.000000	-0.005264	0	0.901358	0.906398
150	JEVG.Zi.f.46-45	0.831332	0.002901	0	0.908483	0.905684
151	SLEV.jj.52	1.000000	-0.006268	0	0.904965	0.910990
152	JEVG.Ig-aroa.ja.41	1.000000	0.006233	0	0.909805	0.903781
153	aroa.JEVG.Ig.f.44-39	0.847518	-0.000597	0	0.910025	0.910602
154	JEVG.Ig.f.42	0.732354	0.005238	0	0.908606	0.903550
155	f.86	0.655806	0.003897	0	0.910773	0.907003
156	RioBrVG.1.f2.84	0.872481	0.001243	0	0.910428	0.909226
157	TBVG.f.80-77	0.750000	-0.003642	0	0.912809	0.916340
158	TBVG.f2.78	0.868718	-0.000652	0	0.911231	0.911862
159	JEVG.Zi.f.45	1.000000	-0.002990	0	0.909171	0.912059
160	NoVertHost.0.f.73	0.925475	0.000513	0	0.912840	0.912342
161	Deng.4.w2.19	0.685779	0.002861	0	0.909069	0.906306
162	WNV.2.w2.14	0.557563	0.008375	0	0.909492	0.901400
163	UsutuV.f.54	0.660485	0.002728	0	0.906268	0.903641
164	Deng.f.17	0.750000	-0.000657	0	0.907754	0.908387
165	SeaBTB.ja.72	0.750000	0.006180	0	0.906417	0.900467
166	JE.j.33	0.942321	0.124077	0	0.905847	0.786457
167	Deng.1.f3.30	0.692321	0.006616	0	0.909096	0.902708
168	MVEV.JEVG.MV.j.49	0.948489	0.012899	0	0.908712	0.896261
169	JE.jj.36	1.000000	0.218561	0	0.904945	0.694849
170	SLEV.jj.51	1.000000	-0.004934	0	0.905302	0.910047
171	MosqFlav.f.70	0.905806	-0.003026	0	0.906769	0.909683
172	JEVG.Ig-aroa.ja.40	0.581332	-0.003663	0	0.908882	0.912418
173	JE.jj.37	1.000000	0.184522	0	0.905084	0.727682
174	JE.jj.35	1.000000	0.031178	0	0.908062	0.877988
175	YFV.f.66	0.834477	0.007413	0	0.907290	0.900145
176	Edge_Hill.YFVG.j.59	0.863636	-0.004820	0	0.909071	0.913725
177	YFV.f.65	1.000000	-0.001889	0	0.908620	0.910444
178	RioBrVG.ja.74	0.692321	-0.000277	0	0.910843	0.911111
179	YFV.f.64	1.000000	-0.001440	0	0.910364	0.911757
180	WNV.2.f.8	0.682793	-0.003424	0	0.910731	0.914043
181	f.88	0.892542	0.003118	0	0.910922	0.907904
182	f.43-16	1.000000	0.087109	0	0.909873	0.825681
183	fw.23	0.863636	0.004535	0	0.909095	0.904716
184	f.93	0.910485	0.003943	0	0.908660	0.904854
185	f.99	0.910485	0.002441	0	0.910346	0.907985
186	f.90	0.905806	0.003255	0	0.907930	0.904792
187	f.91	0.847518	0.002103	0	0.907142	0.905115
188	0,1M NaPP Standard pH 9	0.538451	0.005583	0	0.911475	0.906069
189	Biotin-Marke_2,5µM	0.942321	0.190046	0	0.910415	0.726625
190	JE.j.34	1.000000	0.206439	0	0.904655	0.706275
191	SLEV.ja.50	1.000000	-0.004024	0	0.905852	0.909724
192	WNV.2.w2.13	0.942321	-0.003601	0	0.906273	0.909740
193	YFV.1.ja.67	0.905806	0.001033	0	0.906427	0.905433
194	JE.2.j.38	0.910485	-0.002674	0	0.906623	0.909198
195	MVEV.JEVG.MV.ja.48	0.910485	-0.002277	0	0.907278	0.909473
196	WNV.1a.f.11	1.000000	0.139966	0	0.904794	0.770272
197	TBV.f.58	0.901264	-0.003910	0	0.904762	0.908520
198	Deng.4.f3.18	0.910485	0.004579	0	0.907145	0.902733
199	JEVG.MV.f.47	1.000000	-0.002182	0	0.908346	0.910452
200	WNV.f.1	1.000000	0.018730	0	0.906948	0.888903
201	RioBrVG.0.ja.85	0.863636	0.004187	0	0.908865	0.904822
202	UsutuV.j.55	0.807563	-0.002499	0	0.908236	0.910647
203	TBVG.f.76	0.910485	0.004833	0	0.911591	0.906911
204	f.87	0.543773	0.093904	0	0.908411	0.817798
205	Deng.1.f3.29	0.840902	0.002228	0	0.910351	0.908197
206	Deng.3.f.32	0.905806	-0.002149	0	0.909400	0.911476
207	JEVG.Nt.ja.53	1.000000	0.009848	0	0.908671	0.899165
208	PowVG.f.81	0.905806	-0.001240	0	0.909763	0.910962
209	f.97	0.868718	-0.000763	0	0.912348	0.913088
210	f.96	0.942321	0.032906	0	0.915527	0.883526
211	f.95	1.000000	0.008727	0	0.910033	0.901597
212	f.94	0.789112	0.003248	0	0.907529	0.904398
213	Deng.2.w2.31	1.000000	0.002313	0	0.907292	0.905062
214	JEVG.Ig.f.39	0.736117	-0.004549	0	0.906167	0.910546
215	WNV.1b.f.10	0.901264	0.002890	0	0.905932	0.903151
216	YFV.3.f.68-67	1.000000	-0.001047	0	0.905541	0.906548
217	TBV.f.57	0.721480	-0.005574	0	0.904343	0.909698
218	YFVG.ja.63-61	0.756178	0.019248	0	0.904124	0.885638
219	WNV.f.9	1.000000	0.076332	0	0.901735	0.828619
220	f.98	1.000000	0.005253	0	0.908933	0.903861
221	f.92	0.834477	0.000563	0	0.908110	0.907567
222	YFVG.f2.62-61	1.000000	0.000429	0	0.909084	0.908669
223	MosqFlav.3.f.71-70	0.831332	-0.005072	0	0.906400	0.911283
224	Tyuleniy.f.83	0.892542	-0.002338	0	0.909346	0.911604
225	Meaban.ja.83	1.000000	0.001482	0	0.909391	0.907960
226	Edge_Hill.YFVG.j.60	0.834477	-0.003420	0	0.908368	0.911669
227	NoVertHost.f.69	0.942321	-0.000816	0	0.909898	0.910686
228	TBVG.f2.77	0.711154	-0.002475	0	0.908158	0.910546
229	WNV.2.f2.12	0.685779	0.004053	0	0.911503	0.907578
230	YFVG.f.61	0.736117	0.004442	0	0.915289	0.910970
231	TBV.f.56	0.892542	-0.001262	0	0.919243	0.920475
232	WNV.1a.f.7	1.000000	0.030436	0	0.904924	0.875668
233	RioBrVG.f.75-75	1.000000	-0.002175	0	0.907929	0.910026
234	TBVG.f.79-77	1.000000	-0.001700	0	0.908124	0.909764
235	JEVG.Zi.f.46-45	0.840902	0.004305	0	0.907074	0.902926
236	SLEV.jj.52	0.892542	-0.002691	0	0.904775	0.907361
237	JEVG.Ig-aroa.ja.41	1.000000	0.005938	0	0.904554	0.898849
238	aroa.JEVG.Ig.f.44-39	1.000000	-0.004114	0	0.903092	0.907038
239	JEVG.Ig.f.42	0.925475	-0.003331	0	0.904610	0.907811
240	f.86	0.822143	-0.002838	0	0.904330	0.907055
241	RioBrVG.1.f2.84	0.925475	-0.003936	0	0.906208	0.909997
242	TBVG.f.80-77	0.872481	-0.003157	0	0.907650	0.910694
243	TBVG.f2.78	0.942321	0.001540	0	0.908250	0.906765
244	JEVG.Zi.f.45	0.819157	-0.000754	0	0.909269	0.909997
245	NoVertHost.0.f.73	0.581332	0.004043	0	0.907539	0.903641
246	Deng.4.w2.19	0.769443	-0.001983	0	0.908314	0.910228
247	WNV.2.w2.14	0.925475	-0.000602	0	0.908707	0.909288
248	UsutuV.f.54	0.769443	0.004809	0	0.909361	0.904716
249	Deng.f.17	0.807563	0.002466	0	0.909634	0.907251
250	SeaBTB.ja.72	0.905806	0.003263	0	0.912036	0.908875
251	JE.j.33	1.000000	0.226403	0	0.910828	0.691779
252	Deng.1.f3.30	0.910485	0.005221	0	0.919595	0.914494
253	MVEV.JEVG.MV.j.49	1.000000	0.010197	0	0.906645	0.896824
254	JE.jj.36	1.000000	0.163166	0	0.905043	0.748179
255	SLEV.jj.51	1.000000	-0.003083	0	0.904457	0.907419
256	MosqFlav.f.70	0.942321	-0.002721	0	0.902411	0.905019
257	JEVG.Ig-aroa.ja.40	0.572143	0.006121	0	0.902037	0.896172
258	JE.jj.37	1.000000	0.205814	0	0.900561	0.703677
259	JE.jj.35	1.000000	0.029935	0	0.902480	0.873783
260	YFV.f.66	0.905806	-0.005206	0	0.899873	0.904850
261	Edge_Hill.YFVG.j.59	0.675475	-0.005520	0	0.902830	0.908123
262	YFV.f.65	1.000000	0.002597	0	0.907254	0.904751
263	RioBrVG.ja.74	0.942321	-0.001662	0	0.907018	0.908619
264	YFV.f.64	0.732354	0.002636	0	0.908001	0.905458
265	WNV.2.f.8	1.000000	0.004327	0	0.908108	0.903934
266	f.88	0.872481	-0.002458	0	0.908269	0.910640
267	f.43-16	1.000000	0.105049	0	0.907045	0.805830
268	fw.23	0.698489	0.006290	0	0.908403	0.902334
269	f.93	0.750000	-0.004712	0	0.907482	0.912024
270	f.99	0.905806	-0.002349	0	0.908668	0.910935
271	f.90	0.822143	-0.004827	0	0.910513	0.915182
272	f.91	1.000000	-0.002955	0	0.915838	0.918712
273	0,1M NaPP Standard pH 9	0.892542	-0.002835	0	0.916438	0.919198
274	Biotin-Marke_2,5µM	1.000000	0.282895	0	0.902431	0.631248
276	JE.j.34	1.000000	0.136846	0	0.903213	0.771918
277	SLEV.ja.50	0.618718	0.003972	0	0.902407	0.898599
281	WNV.2.w2.13	0.892542	0.023598	0	0.901216	0.878625
282	YFV.1.ja.67	0.840902	-0.001385	0	0.901791	0.903118
283	JE.2.j.38	0.840902	-0.004439	0	0.898735	0.902973
284	MVEV.JEVG.MV.ja.48	0.863636	-0.004313	0	0.904705	0.908850
285	WNV.1a.f.11	1.000000	0.105960	0	0.903789	0.802063
286	TBV.f.58	0.942321	-0.000856	0	0.908097	0.908923
287	Deng.4.f3.18	0.607843	-0.005709	0	0.906361	0.911858
288	JEVG.MV.f.47	0.834477	-0.003141	0	0.906537	0.909562
292	WNV.f.1	1.000000	0.031133	0	0.910985	0.880858
293	RioBrVG.0.ja.85	0.863636	-0.002367	0	0.914499	0.916799
294	UsutuV.j.55	0.774121	0.002574	0	0.916230	0.913725
295	TBVG.f.76	0.872481	0.001360	0	0.906614	0.905304
296	f.87	1.000000	0.001432	0	0.905375	0.903999
297	Deng.1.f3.29	0.607843	0.004389	0	0.905060	0.900840
298	Deng.3.f.32	0.847518	-0.005151	0	0.899674	0.904597
302	JEVG.Nt.ja.53	1.000000	0.010142	0	0.901199	0.891491
303	PowVG.f.81	0.910485	-0.002119	0	0.900997	0.903026
304	f.97	0.942321	0.001425	0	0.901992	0.900627
305	f.96	1.000000	0.032151	0	0.904094	0.873217
306	f.95	0.948489	0.006132	0	0.903530	0.897645
307	f.94	1.000000	-0.000001	0	0.905581	0.905582
308	Deng.2.w2.31	0.840902	-0.003195	0	0.905317	0.908390
309	JEVG.Ig.f.39	1.000000	-0.004084	0	0.905724	0.909653
313	WNV.1b.f.10	0.872481	0.003338	0	0.908955	0.905731
314	YFV.3.f.68-67	0.942321	0.000321	0	0.913506	0.913195
315	TBV.f.57	0.863636	-0.002384	0	0.915117	0.917435
316	YFVG.ja.63-61	0.750000	0.004128	0	0.905934	0.901961
317	WNV.f.9	1.000000	0.102201	0	0.904132	0.805977
318	f.98	1.000000	0.004580	0	0.905791	0.901384
319	f.92	0.948489	-0.001172	0	0.901867	0.902990
323	YFVG.f2.62-61	0.925475	0.000208	0	0.904522	0.904322
324	MosqFlav.3.f.71-70	0.905806	-0.001755	0	0.903269	0.904953
325	Tyuleniy.f.83	0.872481	0.001312	0	0.904232	0.902972
326	Meaban.ja.83	0.807563	0.032875	0	0.904843	0.873245
327	Edge_Hill.YFVG.j.60	1.000000	-0.004701	0	0.903836	0.908349
328	NoVertHost.f.69	0.840902	-0.001758	0	0.906247	0.907940
329	TBVG.f2.77	0.948489	-0.002517	0	0.905503	0.907924
330	WNV.2.f2.12	0.925475	-0.002198	0	0.907564	0.909683
334	YFVG.f.61	0.872481	0.002487	0	0.910044	0.907640
335	TBV.f.56	0.618718	0.002093	0	0.911457	0.909431
336	WNV.1a.f.7	0.948489	0.045411	0	0.911112	0.867163
337	RioBrVG.f.75-75	0.892542	0.005026	0	0.905055	0.900223
338	TBVG.f.79-77	0.868718	-0.002883	0	0.905755	0.908528
339	JEVG.Zi.f.46-45	0.868718	0.003079	0	0.905655	0.902693
340	SLEV.jj.52	1.000000	0.003875	0	0.904431	0.900708
344	JEVG.Ig-aroa.ja.41	1.000000	0.006624	0	0.906486	0.900107
345	aroa.JEVG.Ig.f.44-39	0.892542	-0.001572	0	0.906430	0.907944
346	JEVG.Ig.f.42	0.805958	-0.003724	0	0.907274	0.910864
347	f.86	0.892542	-0.000938	0	0.907173	0.908077
348	RioBrVG.1.f2.84	0.910485	0.003806	0	0.907946	0.904276
349	TBVG.f.80-77	1.000000	-0.004121	0	0.904851	0.908811
350	TBVG.f2.78	0.774121	-0.004229	0	0.907635	0.911712
351	JEVG.Zi.f.45	0.925475	-0.001550	0	0.908188	0.909683
352	NoVertHost.0.f.73	0.905806	0.001407	0	0.908413	0.907055
353	Deng.4.w2.19	0.807563	-0.003296	0	0.908552	0.911733
354	WNV.2.w2.14	0.872481	-0.000054	0	0.908867	0.908919
355	UsutuV.f.54	0.831332	0.002053	0	0.909440	0.907456
356	Deng.f.17	0.942321	-0.002575	0	0.910913	0.913404
357	SeaBTB.ja.72	0.872481	0.001685	0	0.911629	0.909997
358	JE.j.33	0.769447	0.308627	0	0.900956	0.605590
359	Deng.1.f3.30	0.822143	0.001489	0	0.903695	0.902266
360	MVEV.JEVG.MV.j.49	1.000000	0.015652	0	0.906639	0.891565
361	JE.jj.36	1.000000	0.276569	0	0.903211	0.637863
362	SLEV.jj.51	0.584477	-0.007932	0	0.903499	0.911111
363	MosqFlav.f.70	1.000000	-0.002970	0	0.906057	0.908915
364	JEVG.Ig-aroa.ja.40	1.000000	-0.002820	0	0.907330	0.910047
365	JE.jj.37	1.000000	0.274892	0	0.906855	0.642051
366	JE.jj.35	1.000000	0.042304	0	0.907444	0.866667
367	YFV.f.66	0.774121	0.001911	0	0.909105	0.907260
368	Edge_Hill.YFVG.j.59	0.892542	0.002551	0	0.910943	0.908474
369	YFV.f.65	0.774121	0.002631	0	0.909271	0.906730
370	RioBrVG.ja.74	0.863636	0.013108	0	0.909322	0.896661
371	YFV.f.64	0.805958	0.005206	0	0.907616	0.902596
372	WNV.2.f.8	1.000000	0.010094	0	0.907896	0.898161
373	f.88	1.000000	-0.002541	0	0.907692	0.910142
374	f.43-16	0.948489	0.153232	0	0.906900	0.759285
375	fw.23	1.000000	0.003471	0	0.908321	0.904971
376	f.93	0.557563	-0.002476	0	0.908348	0.910738
377	f.99	1.000000	0.001600	0	0.909872	0.908326
378	f.90	0.868718	0.001544	0	0.910146	0.908653
379	f.91	0.682793	-0.002355	0	0.900873	0.903126
380	0,1M NaPP Standard pH 9	0.613636	0.002512	0	0.905224	0.902808
381	Biotin-Marke_2,5µM	0.882574	0.358899	0	0.903341	0.558955
383	JE.j.34	1.000000	0.232675	0	0.904175	0.680702
384	SLEV.ja.50	1.000000	-0.004894	0	0.906949	0.911664
385	WNV.2.w2.13	0.840902	-0.002258	0	0.907789	0.909966
386	YFV.1.ja.67	0.892542	-0.002875	0	0.908969	0.911745
387	JE.2.j.38	0.675475	0.004886	0	0.910233	0.905509
388	MVEV.JEVG.MV.ja.48	1.000000	0.000472	0	0.910647	0.910190
389	WNV.1a.f.11	1.000000	0.216437	0	0.907863	0.699137
390	TBV.f.58	0.901264	0.005053	0	0.912323	0.907426
391	Deng.4.f3.18	1.000000	-0.003758	0	0.907578	0.911201
392	JEVG.MV.f.47	0.831332	0.000598	0	0.907645	0.907069
393	WNV.f.1	1.000000	0.047275	0	0.907254	0.861694
394	RioBrVG.0.ja.85	0.819157	0.002519	0	0.909594	0.907160
395	UsutuV.j.55	0.671199	0.009959	0	0.908498	0.898887
396	TBVG.f.76	0.872481	0.001273	0	0.908527	0.907298
397	f.87	0.863636	-0.000826	0	0.909959	0.910758
398	Deng.1.f3.29	1.000000	0.000675	0	0.908684	0.908032
399	Deng.3.f.32	0.847518	-0.002217	0	0.909655	0.911797
400	JEVG.Nt.ja.53	1.000000	0.027001	0	0.901291	0.875441
401	PowVG.f.81	0.819157	0.001303	0	0.905883	0.904630
402	f.97	0.925475	0.008194	0	0.908389	0.900483
403	f.96	1.000000	0.054235	0	0.909652	0.857247
404	f.95	1.000000	0.004060	0	0.907048	0.903136
405	f.94	0.822143	-0.001525	0	0.908242	0.909714
406	Deng.2.w2.31	0.892542	0.000567	0	0.908844	0.908297
407	JEVG.Ig.f.39	1.000000	0.000249	0	0.912506	0.912264
408	WNV.1b.f.10	0.652087	0.003176	0	0.911076	0.908002
409	YFV.3.f.68-67	0.721480	0.004633	0	0.912280	0.907790
410	TBV.f.57	0.905806	0.002504	0	0.910772	0.908349
411	YFVG.ja.63-61	0.819157	0.004984	0	0.912708	0.907876
412	WNV.f.9	1.000000	0.155037	0	0.910464	0.760523
413	f.98	1.000000	0.004716	0	0.906137	0.901598
414	f.92	0.905806	0.002769	0	0.908677	0.906004
415	YFVG.f2.62-61	0.868718	-0.002953	0	0.907534	0.910381
416	MosqFlav.3.f.71-70	0.925475	-0.000859	0	0.909490	0.910320
417	Tyuleniy.f.83	0.834477	0.021771	0	0.908128	0.887127
418	Meaban.ja.83	0.721480	0.002411	0	0.910652	0.908320
419	Edge_Hill.YFVG.j.60	0.872481	-0.002483	0	0.908185	0.910580
420	NoVertHost.f.69	0.905806	-0.002454	0	0.907631	0.909997
421	TBVG.f2.77	0.711154	-0.004799	0	0.896015	0.900583
422	WNV.2.f2.12	1.000000	-0.001610	0	0.901878	0.903421
423	YFVG.f.61	0.807563	-0.000313	0	0.901790	0.902090
424	TBV.f.56	1.000000	-0.001307	0	0.902658	0.903912
425	WNV.1a.f.7	0.789112	0.026699	0	0.904399	0.878749
426	RioBrVG.f.75-75	0.613636	0.002120	0	0.906439	0.904398
427	TBVG.f.79-77	0.769443	0.005285	0	0.907159	0.902067
428	JEVG.Zi.f.46-45	1.000000	0.006051	0	0.909143	0.903299
429	SLEV.jj.52	0.872481	0.003399	0	0.910139	0.906853
430	JEVG.Ig-aroa.ja.41	1.000000	0.014695	0	0.909563	0.895365
431	aroa.JEVG.Ig.f.44-39	0.868718	-0.001820	0	0.909354	0.911112
432	JEVG.Ig.f.42	0.857843	0.003412	0	0.910913	0.907611
433	f.86	0.942321	-0.002422	0	0.909245	0.911584
434	RioBrVG.1.f2.84	0.905806	-0.003216	0	0.907997	0.911098
435	TBVG.f.80-77	0.847518	-0.001094	0	0.908324	0.909379
436	TBVG.f2.78	0.694968	0.004702	0	0.909151	0.904610
437	JEVG.Zi.f.45	0.892542	-0.001561	0	0.906994	0.908498
438	NoVertHost.0.f.73	1.000000	0.000485	0	0.909653	0.909185
439	Deng.4.w2.19	0.750000	0.003945	0	0.907819	0.904015
440	WNV.2.w2.14	0.892542	0.003760	0	0.904199	0.900587
441	UsutuV.f.54	0.863636	0.004625	0	0.903005	0.898569
