Spot ID	Substance	Confidence	Signal	Valid	Background	Mean
1	JE.j.34	0.834865	-0.007272	0	0.884825	0.892097
2	SLEV.ja.50	0.901538	-0.003286	0	0.894754	0.898040
3	WNV.2.w2.13	1.000000	-0.001367	0	0.898980	0.900347
4	YFV.1.ja.67	0.809962	0.001840	0	0.897509	0.895669
5	JE.2.j.38	1.000000	0.003100	0	0.899810	0.896710
6	MVEV.JEVG.MV.ja.48	0.802190	-0.003909	0	0.898964	0.902874
7	WNV.1a.f.11	0.921327	-0.003408	0	0.901801	0.905209
8	TBV.f.58	0.834865	-0.007269	0	0.897976	0.905245
9	Deng.4.f3.18	0.901538	-0.005050	0	0.899548	0.904598
10	JEVG.MV.f.47	0.863636	0.005854	0	0.903257	0.897403
11	WNV.f.1	0.742069	-0.007892	0	0.901699	0.909592
12	RioBrVG.0.ja.85	0.802190	-0.005954	0	0.901857	0.907811
13	UsutuV.j.55	0.883929	0.004791	0	0.906881	0.902090
14	TBVG.f.76	0.862851	0.008862	0	0.909273	0.900411
15	f.87	0.802190	0.007049	0	0.906953	0.899904
16	Deng.1.f3.29	0.834865	0.002909	0	0.906928	0.904018
17	Deng.3.f.32	0.839286	0.007946	0	0.910486	0.902540
18	JEVG.Nt.ja.53	0.776646	0.007880	0	0.910448	0.902568
19	PowVG.f.81	1.000000	0.006767	0	0.911408	0.904641
20	f.97	0.802190	0.007620	0	0.910095	0.902476
21	f.96	0.776646	-0.011249	0	0.898920	0.910169
22	f.95	0.802190	0.003115	0	0.892990	0.889875
23	f.94	0.640283	0.008008	0	0.901596	0.893588
24	Deng.2.w2.31	0.901538	0.005782	0	0.902394	0.896611
25	JEVG.Ig.f.39	0.572091	-0.008567	0	0.902357	0.910924
26	WNV.1b.f.10	0.928571	-0.006482	0	0.901844	0.908326
27	YFV.3.f.68-67	0.822091	0.005345	0	0.906085	0.900740
28	TBV.f.57	0.921327	0.003894	0	0.907451	0.903557
29	YFVG.ja.63-61	0.640283	0.005692	0	0.905321	0.899629
30	WNV.f.9	0.863636	-0.007170	0	0.901997	0.909168
31	f.98	0.792208	-0.007249	0	0.904251	0.911500
32	f.92	0.750000	0.003275	0	0.906908	0.903633
33	YFVG.f2.62-61	0.750000	-0.004990	0	0.906868	0.911858
34	MosqFlav.3.f.71-70	0.878433	-0.000547	0	0.907643	0.908190
35	Tyuleniy.f.83	0.665826	0.005460	0	0.908692	0.903232
36	Meaban.ja.83	1.000000	0.007176	0	0.914942	0.907767
37	Edge_Hill.YFVG.j.60	0.928571	0.004767	0	0.911782	0.907015
38	NoVertHost.f.69	0.742069	0.004552	0	0.911176	0.906624
39	TBVG.f2.77	0.784963	-0.004523	0	0.911640	0.916163
40	WNV.2.f2.12	0.736733	0.007248	0	0.913978	0.906730
41	YFVG.f.61	0.784963	0.009717	0	0.911041	0.901325
42	TBV.f.56	1.000000	0.007936	0	0.909381	0.901445
43	WNV.1a.f.7	1.000000	-0.001261	0	0.897909	0.899170
44	RioBrVG.f.75-75	1.000000	-0.001185	0	0.902173	0.903358
45	TBVG.f.79-77	0.685727	0.003938	0	0.901023	0.897085
46	JEVG.Zi.f.46-45	1.000000	0.017861	0	0.903498	0.885637
47	SLEV.jj.52	1.000000	-0.005112	0	0.903020	0.908133
48	JEVG.Ig-aroa.ja.41	0.776646	0.000024	0	0.904209	0.904185
49	aroa.JEVG.Ig.f.44-39	0.726487	0.001450	0	0.908074	0.906624
50	JEVG.Ig.f.42	0.822091	0.002849	0	0.908692	0.905843
51	f.86	0.928571	0.004719	0	0.910906	0.906187
52	RioBrVG.1.f2.84	0.802190	0.002475	0	0.909901	0.907426
53	TBVG.f.80-77	0.839286	-0.000263	0	0.910272	0.910534
54	TBVG.f2.78	0.802190	0.000442	0	0.909924	0.909481
55	JEVG.Zi.f.45	0.921327	0.000633	0	0.909387	0.908753
56	NoVertHost.0.f.73	0.671327	0.004487	0	0.911490	0.907003
57	Deng.4.w2.19	0.651538	0.007239	0	0.911440	0.904202
58	WNV.2.w2.14	0.750000	0.003594	0	0.911919	0.908326
59	UsutuV.f.54	0.612851	0.005598	0	0.913348	0.907750
60	Deng.f.17	0.765174	0.006920	0	0.913862	0.906942
61	SeaBTB.ja.72	0.921327	-0.002504	0	0.913085	0.915590
62	JE.j.33	1.000000	0.004222	0	0.913448	0.909226
63	Deng.1.f3.30	0.839286	-0.008132	0	0.905230	0.913362
64	MVEV.JEVG.MV.j.49	0.901538	-0.000938	0	0.897038	0.897975
65	JE.jj.36	0.863636	0.004352	0	0.900165	0.895813
66	SLEV.jj.51	1.000000	-0.000803	0	0.901735	0.902538
67	MosqFlav.f.70	0.526646	-0.006402	0	0.903215	0.909617
68	JEVG.Ig-aroa.ja.40	0.651538	-0.005921	0	0.905750	0.911671
69	JE.jj.37	0.665826	0.003612	0	0.908117	0.904504
70	JE.jj.35	0.928571	-0.002948	0	0.909164	0.912112
71	YFV.f.66	0.698502	0.004731	0	0.911885	0.907154
72	Edge_Hill.YFVG.j.59	0.698502	-0.004380	0	0.911253	0.915633
73	YFV.f.65	0.784963	0.003422	0	0.912271	0.908850
74	RioBrVG.ja.74	0.863636	-0.000501	0	0.912165	0.912665
75	YFV.f.64	0.878433	-0.002927	0	0.909713	0.912641
76	WNV.2.f.8	1.000000	0.001487	0	0.912587	0.911100
77	f.88	0.802190	-0.002986	0	0.910942	0.913928
78	f.43-16	0.878433	0.000626	0	0.911339	0.910713
79	fw.23	1.000000	0.048467	0	0.912933	0.864466
80	f.93	0.665826	0.003163	0	0.913285	0.910122
81	f.99	0.863636	0.004571	0	0.914692	0.910122
82	f.90	0.742069	-0.004625	0	0.913763	0.918389
83	f.91	0.742069	0.004436	0	0.912756	0.908320
84	0,1M NaPP Standard pH 9	0.802190	-0.005732	0	0.909211	0.914942
85	Biotin-Marke_2,5µM	1.000000	0.673044	0	0.886221	0.213177
87	JE.j.34	1.000000	0.001008	0	0.902544	0.901536
88	SLEV.ja.50	0.873096	-0.001557	0	0.904202	0.905759
92	WNV.2.w2.13	0.873096	-0.000733	0	0.911747	0.912480
93	YFV.1.ja.67	0.651538	0.003071	0	0.911941	0.908870
94	JE.2.j.38	0.526646	-0.001251	0	0.913221	0.914472
95	MVEV.JEVG.MV.ja.48	0.822091	-0.001348	0	0.912312	0.913660
96	WNV.1a.f.11	0.878433	0.001427	0	0.911553	0.910126
97	TBV.f.58	0.834865	0.001509	0	0.913042	0.911533
98	Deng.4.f3.18	0.928571	-0.002232	0	0.911069	0.913301
102	JEVG.MV.f.47	0.665826	0.002041	0	0.914813	0.912771
103	WNV.f.1	0.822091	0.003476	0	0.912714	0.909239
104	RioBrVG.0.ja.85	0.613636	0.004377	0	0.912273	0.907896
105	UsutuV.j.55	0.802190	0.005282	0	0.911422	0.906140
106	TBVG.f.76	0.671327	0.004436	0	0.897807	0.893371
107	f.87	0.589286	0.001400	0	0.899626	0.898226
108	Deng.1.f3.29	0.702922	0.002129	0	0.902924	0.900795
109	Deng.3.f.32	0.839286	0.003973	0	0.906269	0.902296
113	JEVG.Nt.ja.53	0.613636	0.002482	0	0.912074	0.909592
114	PowVG.f.81	0.612851	-0.004261	0	0.912639	0.916900
115	f.97	0.750000	-0.003311	0	0.912472	0.915783
116	f.96	0.863636	0.003256	0	0.914649	0.911394
117	f.95	0.878433	-0.001485	0	0.913818	0.915303
118	f.94	0.863636	0.003672	0	0.913475	0.909804
119	Deng.2.w2.31	1.000000	0.011638	0	0.914269	0.902631
123	JEVG.Ig.f.39	0.671327	0.004225	0	0.912909	0.908684
124	WNV.1b.f.10	0.883929	0.000544	0	0.912963	0.912419
125	YFV.3.f.68-67	0.640283	0.003895	0	0.914017	0.910122
126	TBV.f.57	0.702922	-0.005245	0	0.910812	0.916057
127	YFVG.ja.63-61	0.612851	0.002824	0	0.899743	0.896919
128	WNV.f.9	0.765174	0.004184	0	0.902541	0.898357
129	f.98	0.834865	0.003208	0	0.908270	0.905062
130	f.92	1.000000	-0.001384	0	0.907534	0.908918
134	YFVG.f2.62-61	0.834865	0.003325	0	0.914993	0.911669
135	MosqFlav.3.f.71-70	0.878433	-0.002025	0	0.913407	0.915432
136	Tyuleniy.f.83	0.901538	0.003521	0	0.916479	0.912958
137	Meaban.ja.83	0.809962	-0.002896	0	0.916410	0.919305
138	Edge_Hill.YFVG.j.60	0.552190	-0.004151	0	0.916857	0.921008
139	NoVertHost.f.69	0.776646	0.002548	0	0.917703	0.915155
140	TBVG.f2.77	0.572091	0.002967	0	0.916132	0.913165
144	WNV.2.f2.12	0.863636	0.000916	0	0.917397	0.916481
145	YFVG.f.61	0.802190	-0.000452	0	0.915861	0.916314
146	TBV.f.56	0.776646	0.000479	0	0.913750	0.913270
147	WNV.1a.f.7	0.839286	-0.012412	0	0.898760	0.911173
148	RioBrVG.f.75-75	0.928571	0.002802	0	0.899266	0.896463
149	TBVG.f.79-77	0.839286	0.000522	0	0.903696	0.903174
150	JEVG.Zi.f.46-45	1.000000	0.023630	0	0.908167	0.884537
151	SLEV.jj.52	0.776646	0.001273	0	0.910804	0.909531
152	JEVG.Ig-aroa.ja.41	0.702922	0.002721	0	0.911147	0.908426
153	aroa.JEVG.Ig.f.44-39	0.822091	-0.000159	0	0.911424	0.911584
154	JEVG.Ig.f.42	0.500000	0.003716	0	0.914080	0.910364
155	f.86	1.000000	0.001528	0	0.913725	0.912198
156	RioBrVG.1.f2.84	0.863636	0.003279	0	0.914673	0.911394
157	TBVG.f.80-77	0.873096	-0.001721	0	0.914674	0.916394
158	TBVG.f2.78	0.747565	-0.001918	0	0.917000	0.918919
159	JEVG.Zi.f.45	0.878433	0.001158	0	0.917648	0.916490
160	NoVertHost.0.f.73	0.834865	-0.003630	0	0.915818	0.919447
161	Deng.4.w2.19	0.863636	0.004220	0	0.916991	0.912771
162	WNV.2.w2.14	1.000000	-0.002122	0	0.916863	0.918985
163	UsutuV.f.54	0.839286	0.002106	0	0.918468	0.916363
164	Deng.f.17	1.000000	-0.001486	0	0.919020	0.920506
165	SeaBTB.ja.72	0.640283	0.003376	0	0.917525	0.914149
166	JE.j.33	1.000000	0.002755	0	0.918731	0.915976
167	Deng.1.f3.30	0.834865	0.001991	0	0.918332	0.916341
168	MVEV.JEVG.MV.j.49	0.526646	-0.001376	0	0.914217	0.915593
169	JE.jj.36	0.901538	-0.004800	0	0.898165	0.902965
170	SLEV.jj.51	0.750000	0.003967	0	0.906056	0.902090
171	MosqFlav.f.70	0.822091	0.002480	0	0.909778	0.907298
172	JEVG.Ig-aroa.ja.40	1.000000	0.002228	0	0.911548	0.909320
173	JE.jj.37	0.613636	0.001048	0	0.911276	0.910228
174	JE.jj.35	0.742069	0.004150	0	0.912470	0.908320
175	YFV.f.66	0.784963	0.004774	0	0.914260	0.909486
176	Edge_Hill.YFVG.j.59	1.000000	0.002931	0	0.915323	0.912392
177	YFV.f.65	0.702922	0.009129	0	0.914905	0.905776
178	RioBrVG.ja.74	0.834865	-0.000375	0	0.915544	0.915920
179	YFV.f.64	0.878433	0.005044	0	0.916134	0.911090
180	WNV.2.f.8	0.862851	-0.003033	0	0.915900	0.918933
181	f.88	1.000000	0.002219	0	0.917028	0.914809
182	f.43-16	0.863636	0.004530	0	0.917938	0.913407
183	fw.23	1.000000	0.045322	0	0.917022	0.871700
184	f.93	0.792208	0.002023	0	0.917762	0.915739
185	f.99	0.862851	0.001983	0	0.917868	0.915885
186	f.90	0.839286	-0.000948	0	0.917750	0.918699
187	f.91	0.750000	-0.000205	0	0.919935	0.920141
188	0,1M NaPP Standard pH 9	0.822091	0.001681	0	0.918021	0.916341
189	Biotin-Marke_2,5µM	1.000000	0.688565	0	0.903487	0.214921
190	JE.j.34	0.822091	0.002274	0	0.901439	0.899165
191	SLEV.ja.50	1.000000	0.001981	0	0.906835	0.904854
192	WNV.2.w2.13	0.776646	0.001071	0	0.909461	0.908390
193	YFV.1.ja.67	0.633929	-0.002955	0	0.911891	0.914846
194	JE.2.j.38	0.822091	0.000726	0	0.912459	0.911733
195	MVEV.JEVG.MV.ja.48	1.000000	-0.003132	0	0.912266	0.915398
196	WNV.1a.f.11	0.928571	-0.001490	0	0.913500	0.914989
197	TBV.f.58	0.572091	-0.003755	0	0.914639	0.918394
198	Deng.4.f3.18	0.665826	0.001377	0	0.915208	0.913831
199	JEVG.MV.f.47	0.839286	0.000082	0	0.917151	0.917069
200	WNV.f.1	0.685727	0.002496	0	0.917811	0.915315
201	RioBrVG.0.ja.85	0.776646	-0.001352	0	0.916682	0.918033
202	UsutuV.j.55	0.878433	-0.002022	0	0.916113	0.918135
203	TBVG.f.76	0.802190	-0.001253	0	0.917915	0.919168
204	f.87	0.834865	-0.001455	0	0.917591	0.919046
205	Deng.1.f3.29	0.552190	0.003280	0	0.919807	0.916527
206	Deng.3.f.32	1.000000	0.001443	0	0.919820	0.918377
207	JEVG.Nt.ja.53	0.613636	0.002104	0	0.918797	0.916693
208	PowVG.f.81	0.873096	-0.001200	0	0.921719	0.922919
209	f.97	0.839286	0.003051	0	0.920184	0.917133
210	f.96	0.802190	0.000779	0	0.918298	0.917519
211	f.95	0.640283	-0.001218	0	0.900637	0.901855
212	f.94	0.559962	0.005757	0	0.906411	0.900654
213	Deng.2.w2.31	0.901538	0.001286	0	0.909739	0.908453
214	JEVG.Ig.f.39	0.863636	0.003657	0	0.911447	0.907790
215	WNV.1b.f.10	0.863636	0.002608	0	0.911988	0.909380
216	YFV.3.f.68-67	0.834865	0.001330	0	0.914266	0.912936
217	TBV.f.57	0.863636	0.002703	0	0.915369	0.912665
218	YFVG.ja.63-61	1.000000	0.002657	0	0.915904	0.913247
219	WNV.f.9	0.572091	0.003789	0	0.916768	0.912979
220	f.98	0.613636	-0.002883	0	0.915717	0.918601
221	f.92	0.878433	0.009672	0	0.916005	0.906333
222	YFVG.f2.62-61	0.834865	-0.003119	0	0.916779	0.919897
223	MosqFlav.3.f.71-70	0.822091	0.000281	0	0.918902	0.918621
224	Tyuleniy.f.83	0.809962	0.002817	0	0.919454	0.916637
225	Meaban.ja.83	0.651538	-0.004866	0	0.919317	0.924183
226	Edge_Hill.YFVG.j.60	1.000000	0.004018	0	0.921787	0.917769
227	NoVertHost.f.69	1.000000	0.004053	0	0.922947	0.918894
228	TBVG.f2.77	0.784963	0.002585	0	0.921398	0.918813
229	WNV.2.f2.12	0.822091	0.002293	0	0.922373	0.920080
230	YFVG.f.61	0.802190	-0.000344	0	0.920781	0.921125
231	TBV.f.56	0.584865	0.042144	0	0.920202	0.878058
232	WNV.1a.f.7	0.901538	-0.000626	0	0.900111	0.900738
233	RioBrVG.f.75-75	0.901538	-0.002691	0	0.906063	0.908753
234	TBVG.f.79-77	0.750000	-0.002804	0	0.908839	0.911644
235	JEVG.Zi.f.46-45	1.000000	0.022466	0	0.912622	0.890157
236	SLEV.jj.52	0.702922	0.002211	0	0.911591	0.909380
237	JEVG.Ig-aroa.ja.41	0.928571	0.002789	0	0.915486	0.912697
238	aroa.JEVG.Ig.f.44-39	1.000000	-0.001864	0	0.913017	0.914882
239	JEVG.Ig.f.42	0.928571	-0.001263	0	0.914363	0.915626
240	f.86	0.640283	-0.000844	0	0.917120	0.917965
241	RioBrVG.1.f2.84	0.883929	0.001982	0	0.917437	0.915455
242	TBVG.f.80-77	0.928571	-0.001487	0	0.917212	0.918699
243	TBVG.f2.78	0.834865	-0.001874	0	0.918240	0.920114
244	JEVG.Zi.f.45	0.678571	-0.003205	0	0.919484	0.922689
245	NoVertHost.0.f.73	1.000000	0.003114	0	0.919861	0.916747
246	Deng.4.w2.19	0.500000	-0.004043	0	0.920700	0.924743
247	WNV.2.w2.14	0.698502	0.001163	0	0.921459	0.920297
248	UsutuV.f.54	0.678571	0.004596	0	0.920935	0.916340
249	Deng.f.17	0.834865	-0.001692	0	0.921484	0.923176
250	SeaBTB.ja.72	1.000000	0.000800	0	0.922369	0.921569
251	JE.j.33	0.552190	0.002257	0	0.924013	0.921755
252	Deng.1.f3.30	1.000000	-0.000662	0	0.921849	0.922512
253	MVEV.JEVG.MV.j.49	0.822091	0.000481	0	0.901542	0.901061
254	JE.jj.36	0.526646	0.005124	0	0.905591	0.900467
255	SLEV.jj.51	0.698502	0.011572	0	0.910565	0.898993
256	MosqFlav.f.70	0.628433	0.003317	0	0.911440	0.908123
257	JEVG.Ig-aroa.ja.40	0.750000	-0.001688	0	0.910944	0.912632
258	JE.jj.37	0.873096	-0.007454	0	0.907469	0.914923
259	JE.jj.35	0.878433	-0.001198	0	0.914456	0.915654
260	YFV.f.66	1.000000	0.005252	0	0.917321	0.912069
261	Edge_Hill.YFVG.j.59	0.822091	-0.003141	0	0.916757	0.919897
262	YFV.f.65	0.584865	-0.003344	0	0.916544	0.919888
263	RioBrVG.ja.74	0.802190	0.003086	0	0.919255	0.916169
264	YFV.f.64	0.500000	0.004008	0	0.918481	0.914472
265	WNV.2.f.8	0.776646	-0.001601	0	0.918836	0.920437
266	f.88	0.839286	0.001023	0	0.918735	0.917712
267	f.43-16	0.628433	0.003128	0	0.920401	0.917274
268	fw.23	1.000000	0.046211	0	0.920198	0.873988
269	f.93	0.776646	-0.000922	0	0.919426	0.920347
270	f.99	1.000000	-0.002020	0	0.921735	0.923755
271	f.90	0.839286	-0.002463	0	0.920842	0.923305
272	f.91	0.834865	0.003792	0	0.924204	0.920412
273	0,1M NaPP Standard pH 9	0.928571	0.000298	0	0.923530	0.923231
274	Biotin-Marke_2,5µM	1.000000	0.678776	0	0.883941	0.205165
276	JE.j.34	0.822091	0.000155	0	0.908379	0.908224
277	SLEV.ja.50	0.633929	0.005658	0	0.911914	0.906256
281	WNV.2.w2.13	0.750000	0.002613	0	0.914845	0.912232
282	YFV.1.ja.67	0.589286	0.005049	0	0.917281	0.912232
283	JE.2.j.38	0.878433	0.002653	0	0.916684	0.914030
284	MVEV.JEVG.MV.ja.48	0.802190	-0.001696	0	0.917624	0.919320
285	WNV.1a.f.11	0.736733	-0.001355	0	0.918518	0.919873
286	TBV.f.58	0.640283	-0.005432	0	0.917090	0.922522
287	Deng.4.f3.18	0.776646	-0.002463	0	0.919878	0.922340
288	JEVG.MV.f.47	0.834865	-0.001792	0	0.920355	0.922147
292	WNV.f.1	0.802190	0.000062	0	0.922278	0.922216
293	RioBrVG.0.ja.85	0.633929	0.172997	1	0.916878	0.743881
294	UsutuV.j.55	0.834865	0.000374	0	0.921001	0.920627
295	TBVG.f.76	0.834865	-0.003436	0	0.899554	0.902990
296	f.87	1.000000	0.003039	0	0.905769	0.902730
297	Deng.1.f3.29	1.000000	-0.006199	0	0.903819	0.910018
298	Deng.3.f.32	0.834865	0.002151	0	0.910348	0.908197
302	JEVG.Nt.ja.53	0.776646	-0.003079	0	0.913669	0.916747
303	PowVG.f.81	0.671327	0.005163	0	0.917581	0.912418
304	f.97	0.822091	-0.001811	0	0.917187	0.918997
305	f.96	0.822091	0.001642	0	0.918198	0.916556
306	f.95	0.784963	-0.004431	0	0.919364	0.923794
307	f.94	0.839286	-0.003134	0	0.918692	0.921826
308	Deng.2.w2.31	0.921327	0.000317	0	0.920768	0.920452
309	JEVG.Ig.f.39	0.584865	-0.002971	0	0.919905	0.922876
313	WNV.1b.f.10	0.589286	0.010420	0	0.921718	0.911298
314	YFV.3.f.68-67	0.839286	0.003668	0	0.921117	0.917449
315	TBV.f.57	0.862851	-0.000344	0	0.921421	0.921765
316	YFVG.ja.63-61	0.765174	0.006317	0	0.902343	0.896025
317	WNV.f.9	1.000000	-0.003156	0	0.905193	0.908349
318	f.98	0.863636	0.004585	0	0.908878	0.904292
319	f.92	0.863636	0.004146	0	0.910558	0.906412
323	YFVG.f2.62-61	0.901538	0.002580	0	0.916449	0.913868
324	MosqFlav.3.f.71-70	0.901538	0.002429	0	0.917184	0.914755
325	Tyuleniy.f.83	0.802190	-0.002528	0	0.917977	0.920505
326	Meaban.ja.83	1.000000	0.004145	0	0.920640	0.916495
327	Edge_Hill.YFVG.j.60	0.750000	-0.000323	0	0.920030	0.920353
328	NoVertHost.f.69	0.750000	0.001802	0	0.918516	0.916713
329	TBVG.f2.77	0.726487	-0.002601	0	0.920028	0.922628
330	WNV.2.f2.12	0.678571	-0.005148	0	0.920902	0.926050
334	YFVG.f.61	0.834865	-0.003363	0	0.921228	0.924591
335	TBV.f.56	0.862851	0.003410	0	0.922791	0.919381
336	WNV.1a.f.7	0.572091	-0.003072	0	0.921297	0.924370
337	RioBrVG.f.75-75	0.702922	-0.006510	0	0.898206	0.904716
338	TBVG.f.79-77	0.834865	-0.002446	0	0.903772	0.906218
339	JEVG.Zi.f.46-45	1.000000	0.010085	0	0.906848	0.896763
340	SLEV.jj.52	0.784963	0.001426	0	0.909534	0.908108
344	JEVG.Ig-aroa.ja.41	0.628433	0.030436	0	0.916897	0.886461
345	aroa.JEVG.Ig.f.44-39	1.000000	0.000484	0	0.919151	0.918667
346	JEVG.Ig.f.42	0.901538	0.002641	0	0.919388	0.916747
347	f.86	0.589286	0.030493	0	0.919942	0.889449
348	RioBrVG.1.f2.84	0.765174	-0.002593	0	0.921307	0.923900
349	TBVG.f.80-77	0.572091	0.004170	0	0.919576	0.915406
350	TBVG.f2.78	0.834865	0.001190	0	0.921604	0.920414
351	JEVG.Zi.f.45	0.623096	-0.002981	0	0.921202	0.924183
352	NoVertHost.0.f.73	0.862851	0.001684	0	0.921677	0.919993
353	Deng.4.w2.19	0.863636	0.002576	0	0.922342	0.919767
354	WNV.2.w2.14	0.776646	0.001519	0	0.921416	0.919897
355	UsutuV.f.54	0.863636	0.002144	0	0.923076	0.920933
356	Deng.f.17	0.750000	0.005478	0	0.922938	0.917460
357	SeaBTB.ja.72	0.839286	-0.002145	0	0.922133	0.924278
358	JE.j.33	0.839286	-0.001711	0	0.897623	0.899334
359	Deng.1.f3.30	0.776646	0.002651	0	0.903391	0.900740
360	MVEV.JEVG.MV.j.49	0.584865	0.002055	0	0.906444	0.904388
361	JE.jj.36	0.834865	0.001132	0	0.909360	0.908228
362	SLEV.jj.51	0.802190	0.002501	0	0.912177	0.909676
363	MosqFlav.f.70	0.750000	0.001601	0	0.913548	0.911947
364	JEVG.Ig-aroa.ja.40	0.863636	-0.002690	0	0.916334	0.919025
365	JE.jj.37	0.921327	0.001387	0	0.917782	0.916394
366	JE.jj.35	0.671327	0.002766	0	0.917798	0.915033
367	YFV.f.66	0.878433	0.000723	0	0.918756	0.918033
368	Edge_Hill.YFVG.j.59	0.572091	-0.003236	0	0.920574	0.923810
369	YFV.f.65	0.878433	-0.003508	0	0.918832	0.922340
370	RioBrVG.ja.74	0.750000	0.006186	0	0.920285	0.914099
371	YFV.f.64	0.834865	-0.002685	0	0.917511	0.920196
372	WNV.2.f.8	0.928571	0.002521	0	0.921018	0.918497
373	f.88	0.883929	0.002171	0	0.922068	0.919897
374	f.43-16	0.678571	0.001352	0	0.921987	0.920635
375	fw.23	0.863636	0.060278	0	0.921222	0.860943
376	f.93	0.671327	-0.003827	0	0.922037	0.925864
377	f.99	1.000000	-0.000885	0	0.922420	0.923305
378	f.90	0.878433	0.002262	0	0.921369	0.919107
379	f.91	0.839286	0.001443	0	0.896783	0.895340
380	0,1M NaPP Standard pH 9	0.878433	-0.000870	0	0.902345	0.903215
381	Biotin-Marke_2,5µM	1.000000	0.678731	0	0.886861	0.208130
383	JE.j.34	0.750000	0.003373	0	0.911123	0.907750
384	SLEV.ja.50	1.000000	-0.004072	0	0.913125	0.917197
385	WNV.2.w2.13	0.901538	-0.000560	0	0.915316	0.915876
386	YFV.1.ja.67	0.750000	-0.000885	0	0.916854	0.917739
387	JE.2.j.38	0.921327	0.002432	0	0.918215	0.915783
388	MVEV.JEVG.MV.ja.48	0.665826	0.002556	0	0.919673	0.917117
389	WNV.1a.f.11	0.878433	0.000344	0	0.920660	0.920316
390	TBV.f.58	0.873096	0.001321	0	0.920653	0.919332
391	Deng.4.f3.18	0.685727	-0.004059	0	0.918676	0.922734
392	JEVG.MV.f.47	1.000000	0.001692	0	0.919404	0.917712
393	WNV.f.1	0.500000	0.004034	0	0.920747	0.916713
394	RioBrVG.0.ja.85	0.802190	-0.001910	0	0.920044	0.921955
395	UsutuV.j.55	0.901538	0.002586	0	0.920477	0.917890
396	TBVG.f.76	1.000000	0.002299	0	0.921240	0.918941
397	f.87	0.584865	0.004525	0	0.921986	0.917460
398	Deng.1.f3.29	0.921327	0.002513	0	0.922182	0.919669
399	Deng.3.f.32	0.834865	-0.001816	0	0.920514	0.922329
400	JEVG.Nt.ja.53	0.665826	0.003953	0	0.896163	0.892210
401	PowVG.f.81	0.862851	0.003489	0	0.903566	0.900077
402	f.97	0.702922	0.003623	0	0.906325	0.902702
403	f.96	0.750000	0.000048	0	0.910055	0.910007
404	f.95	0.623096	0.002653	0	0.910589	0.907937
405	f.94	0.750000	0.005659	0	0.912475	0.906816
406	Deng.2.w2.31	0.928571	-0.002337	0	0.914246	0.916584
407	JEVG.Ig.f.39	0.834865	0.000726	0	0.915738	0.915012
408	WNV.1b.f.10	0.802190	-0.001744	0	0.917728	0.919472
409	YFV.3.f.68-67	0.685727	0.002838	0	0.918790	0.915951
410	TBV.f.57	0.623096	0.003619	0	0.919586	0.915966
411	YFVG.ja.63-61	0.878433	-0.000841	0	0.919202	0.920044
412	WNV.f.9	0.776646	-0.002681	0	0.918038	0.920718
413	f.98	0.633929	-0.003547	0	0.920449	0.923996
414	f.92	0.665826	0.003206	0	0.919581	0.916375
415	YFVG.f2.62-61	0.839286	0.012052	0	0.920765	0.908713
416	MosqFlav.3.f.71-70	1.000000	-0.001961	0	0.918129	0.920090
417	Tyuleniy.f.83	1.000000	-0.006340	0	0.915229	0.921569
418	Meaban.ja.83	0.839286	0.000176	0	0.921745	0.921569
419	Edge_Hill.YFVG.j.60	0.883929	0.003892	0	0.924450	0.920558
420	NoVertHost.f.69	0.678571	-0.002654	0	0.920969	0.923623
421	TBVG.f2.77	0.802190	0.007057	0	0.898346	0.891290
422	WNV.2.f2.12	0.863636	-0.001951	0	0.899797	0.901749
423	YFVG.f.61	1.000000	-0.001172	0	0.900825	0.901997
424	TBV.f.56	0.589286	-0.005569	0	0.905542	0.911111
425	WNV.1a.f.7	0.776646	-0.003088	0	0.906673	0.909761
426	RioBrVG.f.75-75	0.862851	0.001115	0	0.910188	0.909074
427	TBVG.f.79-77	0.623096	-0.001688	0	0.912225	0.913912
428	JEVG.Zi.f.46-45	1.000000	0.021970	0	0.913865	0.891895
429	SLEV.jj.52	0.750000	0.002420	0	0.915212	0.912792
430	JEVG.Ig-aroa.ja.41	0.839286	0.003471	0	0.917036	0.913565
431	aroa.JEVG.Ig.f.44-39	0.822091	-0.004440	0	0.915586	0.920026
432	JEVG.Ig.f.42	0.500000	0.001387	0	0.916233	0.914846
433	f.86	1.000000	0.001567	0	0.917274	0.915707
434	RioBrVG.1.f2.84	0.878433	0.000340	0	0.915326	0.914986
435	TBVG.f.80-77	0.747565	-0.003881	0	0.915249	0.919131
436	TBVG.f2.78	0.809962	-0.002169	0	0.916907	0.919077
437	JEVG.Zi.f.45	0.834865	0.003738	0	0.913300	0.909562
438	NoVertHost.0.f.73	1.000000	-0.004100	0	0.915837	0.919937
439	Deng.4.w2.19	0.863636	-0.003322	0	0.918247	0.921568
440	WNV.2.w2.14	0.878433	-0.001962	0	0.918088	0.920049
441	UsutuV.f.54	0.698502	0.012702	0	0.916782	0.904080
