Spot ID	Substance	Confidence	Signal	Valid	Background	Mean
1	JE.j.34	0.903094	0.007959	0	0.889942	0.882418
2	SLEV.ja.50	1.000000	-0.003047	0	0.894700	0.897595
3	WNV.2.w2.13	0.903094	-0.000740	0	0.898748	0.899454
4	YFV.1.ja.67	1.000000	0.604156	0	0.895057	0.320646
5	JE.2.j.38	1.000000	-0.002154	0	0.900310	0.902370
6	MVEV.JEVG.MV.ja.48	0.832601	-0.004601	0	0.901115	0.905519
7	WNV.1a.f.11	0.858361	0.072417	0	0.895490	0.826605
8	TBV.f.58	0.931050	0.000966	0	0.899371	0.898449
9	Deng.4.f3.18	0.934975	-0.001885	0	0.907167	0.908984
10	JEVG.MV.f.47	0.899937	-0.000431	0	0.909677	0.910093
11	WNV.f.1	0.903094	-0.001994	0	0.910191	0.912119
12	RioBrVG.0.ja.85	0.931050	-0.004500	0	0.908444	0.912786
13	UsutuV.j.55	1.000000	0.014235	0	0.911735	0.897949
14	TBVG.f.76	1.000000	0.009214	0	0.913149	0.904211
15	f.87	0.750000	0.004258	0	0.912250	0.908123
16	Deng.1.f3.29	0.750000	-0.003409	0	0.914080	0.917390
17	Deng.3.f.32	0.876602	-0.000020	0	0.913222	0.913241
18	JEVG.Nt.ja.53	0.966856	0.002822	0	0.918467	0.915714
19	PowVG.f.81	0.934975	-0.008526	0	0.911541	0.919797
20	f.97	0.732211	-0.007671	0	0.913174	0.920615
21	f.96	0.754451	0.005803	0	0.910541	0.904928
22	f.95	0.931050	0.001488	0	0.898680	0.897260
23	f.94	0.931050	-0.002280	0	0.897473	0.899647
24	Deng.2.w2.31	1.000000	-0.003870	0	0.898039	0.901731
25	JEVG.Ig.f.39	0.966856	-0.006762	0	0.901007	0.907479
26	WNV.1b.f.10	0.931050	-0.003147	0	0.904235	0.907257
27	YFV.3.f.68-67	0.931050	-0.004079	0	0.906443	0.910371
28	TBV.f.57	0.947551	-0.000399	0	0.907249	0.907634
29	YFVG.ja.63-61	0.919923	0.059239	0	0.887947	0.832071
30	WNV.f.9	0.876602	-0.009358	0	0.899775	0.908719
31	f.98	0.863636	0.004179	0	0.914287	0.910228
32	f.92	0.750000	-0.001945	0	0.914102	0.915990
33	YFVG.f2.62-61	1.000000	0.017259	0	0.914812	0.898040
34	MosqFlav.3.f.71-70	0.863636	0.002143	0	0.914642	0.912560
35	Tyuleniy.f.83	1.000000	0.004923	0	0.916138	0.911347
36	Meaban.ja.83	0.876602	0.001344	0	0.918312	0.917001
37	Edge_Hill.YFVG.j.60	0.931050	0.003709	0	0.918502	0.914883
38	NoVertHost.f.69	0.890815	-0.000275	0	0.920658	0.920927
39	TBVG.f2.77	0.899937	-0.003140	0	0.918788	0.921852
40	WNV.2.f2.12	0.899937	0.000328	0	0.920311	0.919990
41	YFVG.f.61	0.837066	-0.001362	0	0.919467	0.920798
42	TBV.f.56	1.000000	0.005852	0	0.914977	0.909290
43	WNV.1a.f.7	0.899937	0.000427	0	0.900303	0.899895
44	RioBrVG.f.75-75	0.927240	-0.002806	0	0.901216	0.903902
45	TBVG.f.79-77	1.000000	-0.000270	0	0.901253	0.901511
46	JEVG.Zi.f.46-45	1.000000	0.020123	0	0.902495	0.883203
47	SLEV.jj.52	0.903094	-0.003848	0	0.907312	0.911021
48	JEVG.Ig-aroa.ja.41	0.618574	0.006191	0	0.908871	0.902895
49	aroa.JEVG.Ig.f.44-39	1.000000	-0.004393	0	0.910652	0.914901
50	JEVG.Ig.f.42	0.961683	-0.000875	0	0.911885	0.912733
51	f.86	0.848634	0.054583	0	0.909409	0.856682
52	RioBrVG.1.f2.84	0.966856	0.018221	0	0.916539	0.898800
53	TBVG.f.80-77	0.934975	0.019023	0	0.914265	0.895791
54	TBVG.f2.78	0.931050	-0.002643	0	0.916046	0.918618
55	JEVG.Zi.f.45	0.750000	0.005300	0	0.917772	0.912605
56	NoVertHost.0.f.73	0.858361	0.000294	0	0.917489	0.917203
57	Deng.4.w2.19	0.899937	0.007445	0	0.917381	0.910126
58	WNV.2.w2.14	0.858361	0.001190	0	0.915855	0.914697
59	UsutuV.f.54	0.860866	-0.008352	0	0.909842	0.917914
60	Deng.f.17	0.961683	0.125256	0	0.919701	0.797333
61	SeaBTB.ja.72	1.000000	-0.002660	0	0.920034	0.922634
62	JE.j.33	0.890815	-0.003672	0	0.919036	0.922620
63	Deng.1.f3.30	1.000000	0.005676	0	0.918333	0.912796
64	MVEV.JEVG.MV.j.49	1.000000	0.000788	0	0.903819	0.903062
65	JE.jj.36	0.858361	0.011381	0	0.903939	0.893011
66	SLEV.jj.51	1.000000	-0.004492	0	0.903472	0.907783
67	MosqFlav.f.70	1.000000	-0.002415	0	0.907962	0.910291
68	JEVG.Ig-aroa.ja.40	0.876602	-0.000997	0	0.910756	0.911720
69	JE.jj.37	0.863636	0.003370	0	0.910945	0.907684
70	JE.jj.35	1.000000	0.034393	0	0.893333	0.860696
71	YFV.f.66	1.000000	0.045516	0	0.910826	0.866789
72	Edge_Hill.YFVG.j.59	0.868574	0.047533	0	0.889589	0.844673
73	YFV.f.65	1.000000	0.722862	0	0.909837	0.211216
74	RioBrVG.ja.74	1.000000	0.006004	0	0.918734	0.912875
75	YFV.f.64	1.000000	0.737011	0	0.907349	0.197001
76	WNV.2.f.8	1.000000	0.004000	0	0.919457	0.915550
77	f.88	0.899937	0.054560	0	0.917082	0.863931
78	f.43-16	0.961683	0.002047	0	0.919324	0.917324
79	fw.23	1.000000	0.042179	0	0.920174	0.878946
80	f.93	0.899937	0.010701	0	0.920785	0.910319
81	f.99	0.798612	-0.002836	0	0.921125	0.923900
82	f.90	1.000000	0.017236	0	0.921460	0.904589
83	f.91	1.000000	0.009508	0	0.920516	0.911220
84	0,1M NaPP Standard pH 9	0.669923	-0.005992	0	0.917782	0.923623
85	Biotin-Marke_2,5µM	1.000000	0.746550	0	0.887246	0.183646
87	JE.j.34	0.783559	-0.004955	0	0.905883	0.910652
88	SLEV.ja.50	1.000000	-0.002856	0	0.909932	0.912693
92	WNV.2.w2.13	0.927240	-0.053174	0	0.860282	0.908874
93	YFV.1.ja.67	1.000000	0.568990	0	0.899657	0.355901
94	JE.2.j.38	0.882153	-0.002288	0	0.919940	0.922176
95	MVEV.JEVG.MV.ja.48	0.876602	0.002072	0	0.922109	0.920080
96	WNV.1a.f.11	0.931050	0.030335	0	0.915762	0.886254
97	TBV.f.58	0.966856	0.000197	0	0.919934	0.919742
98	Deng.4.f3.18	0.882153	0.020595	0	0.921349	0.901193
102	JEVG.MV.f.47	0.876602	0.009483	0	0.922103	0.912814
103	WNV.f.1	0.890815	0.008098	0	0.919697	0.911786
104	RioBrVG.0.ja.85	0.582601	-0.005591	0	0.918913	0.924370
105	UsutuV.j.55	0.882153	0.033664	0	0.919190	0.886320
106	TBVG.f.76	1.000000	0.008345	0	0.904726	0.896706
107	f.87	0.919923	0.005983	0	0.909542	0.903761
108	Deng.1.f3.29	0.876602	0.003679	0	0.909924	0.906368
109	Deng.3.f.32	0.903094	0.004986	0	0.910341	0.905519
113	JEVG.Nt.ja.53	0.890815	-0.059962	0	0.828408	0.881173
114	PowVG.f.81	0.868574	-0.006036	0	0.907773	0.913593
115	f.97	0.927240	0.000430	0	0.920588	0.920168
116	f.96	0.934975	0.000571	0	0.920187	0.919629
117	f.95	0.966856	0.005607	0	0.922499	0.917005
118	f.94	1.000000	0.002325	0	0.922906	0.920627
119	Deng.2.w2.31	1.000000	0.004271	0	0.921708	0.917526
123	JEVG.Ig.f.39	0.832601	0.003910	0	0.920507	0.916683
124	WNV.1b.f.10	0.903094	-0.002784	0	0.921069	0.923793
125	YFV.3.f.68-67	1.000000	0.001345	0	0.922051	0.920733
126	TBV.f.57	0.919923	-0.003452	0	0.918458	0.921826
127	YFVG.ja.63-61	0.721997	0.005949	0	0.905883	0.900159
128	WNV.f.9	0.876602	0.000760	0	0.910096	0.909362
129	f.98	0.927240	0.000996	0	0.914677	0.913709
130	f.92	1.000000	0.001775	0	0.915435	0.913709
134	YFVG.f2.62-61	0.750000	0.175314	1	0.885273	0.720413
135	MosqFlav.3.f.71-70	1.000000	-0.006149	0	0.911165	0.917116
136	Tyuleniy.f.83	0.947551	0.000148	0	0.922933	0.922788
137	Meaban.ja.83	1.000000	-0.001631	0	0.922172	0.923770
138	Edge_Hill.YFVG.j.60	0.927240	-0.001097	0	0.923728	0.924804
139	NoVertHost.f.69	0.899937	-0.001466	0	0.923002	0.924440
140	TBVG.f2.77	0.934975	-0.000486	0	0.923169	0.923646
144	WNV.2.f2.12	0.848634	-0.000217	0	0.924056	0.924269
145	YFVG.f.61	0.961683	0.001326	0	0.923047	0.921747
146	TBV.f.56	0.947551	0.008840	0	0.924399	0.915719
147	WNV.1a.f.7	0.582601	0.006644	0	0.922288	0.915780
148	RioBrVG.f.75-75	1.000000	0.009028	0	0.907787	0.899082
149	TBVG.f.79-77	0.947551	-0.000434	0	0.906353	0.906771
150	JEVG.Zi.f.46-45	0.832601	0.078861	0	0.901392	0.825883
151	SLEV.jj.52	0.876602	0.000127	0	0.913526	0.913403
152	JEVG.Ig-aroa.ja.41	0.745789	0.003600	0	0.915637	0.912136
153	aroa.JEVG.Ig.f.44-39	0.876602	0.002675	0	0.917627	0.915020
154	JEVG.Ig.f.42	0.697551	0.004409	0	0.919901	0.915593
155	f.86	0.876602	0.002920	0	0.920504	0.917648
156	RioBrVG.1.f2.84	1.000000	0.000670	0	0.923002	0.922345
157	TBVG.f.80-77	0.640815	0.003225	0	0.923613	0.920448
158	TBVG.f2.78	0.919923	0.001385	0	0.922724	0.921367
159	JEVG.Zi.f.45	0.740239	0.003041	0	0.924449	0.921462
160	NoVertHost.0.f.73	0.754451	-0.005385	0	0.921385	0.926656
161	Deng.4.w2.19	0.966856	0.003551	0	0.925237	0.921747
162	WNV.2.w2.14	1.000000	0.006094	0	0.924237	0.918254
163	UsutuV.f.54	0.863636	0.004865	0	0.924544	0.919767
164	Deng.f.17	0.961683	0.138144	0	0.925428	0.789628
165	SeaBTB.ja.72	0.863636	0.001288	0	0.923255	0.921992
166	JE.j.33	0.871213	0.002160	0	0.926132	0.924007
167	Deng.1.f3.30	1.000000	0.009836	0	0.924787	0.915125
168	MVEV.JEVG.MV.j.49	0.927240	0.002571	0	0.924005	0.921481
169	JE.jj.36	0.919923	0.018202	0	0.874648	0.857736
170	SLEV.jj.51	0.903094	0.026689	0	0.849422	0.825340
171	MosqFlav.f.70	0.899937	-0.035007	0	0.743034	0.770664
172	JEVG.Ig-aroa.ja.40	0.931050	0.008251	0	0.916847	0.908811
173	JE.jj.37	0.754451	-0.003095	0	0.914640	0.917647
174	JE.jj.35	0.863636	-0.003420	0	0.917493	0.920826
175	YFV.f.66	1.000000	0.051613	0	0.920617	0.870145
176	Edge_Hill.YFVG.j.59	0.966856	-0.002110	0	0.920396	0.922459
177	YFV.f.65	1.000000	0.728794	0	0.912020	0.205976
178	RioBrVG.ja.74	1.000000	0.007946	0	0.924543	0.916740
179	YFV.f.64	1.000000	0.741640	0	0.913612	0.193868
180	WNV.2.f.8	0.871213	0.001234	0	0.922941	0.921731
181	f.88	0.899937	0.003682	0	0.925390	0.921771
182	f.43-16	0.966856	0.001851	0	0.923835	0.922019
183	fw.23	0.863636	0.044074	0	0.922244	0.879067
184	f.93	0.919923	-0.000308	0	0.921534	0.921835
185	f.99	0.860866	-0.000305	0	0.924370	0.924670
186	f.90	1.000000	0.020565	0	0.924130	0.903943
187	f.91	1.000000	0.005816	0	0.927298	0.921569
188	0,1M NaPP Standard pH 9	0.931050	0.000063	0	0.926395	0.926333
189	Biotin-Marke_2,5µM	1.000000	0.741689	0	0.913936	0.193890
190	JE.j.34	0.858361	0.005919	0	0.911777	0.906045
191	SLEV.ja.50	0.876602	0.021894	0	0.902275	0.881291
192	WNV.2.w2.13	0.961683	0.094800	0	0.892593	0.802708
193	YFV.1.ja.67	1.000000	0.582022	0	0.897778	0.342729
194	JE.2.j.38	1.000000	-0.001871	0	0.916980	0.918803
195	MVEV.JEVG.MV.ja.48	0.745789	0.004435	0	0.919754	0.915421
196	WNV.1a.f.11	0.903094	-0.003957	0	0.920285	0.924153
197	TBV.f.58	0.500000	0.005555	0	0.922155	0.916713
198	Deng.4.f3.18	0.961683	-0.001536	0	0.922531	0.924036
199	JEVG.MV.f.47	0.947551	0.000003	0	0.924074	0.924072
200	WNV.f.1	0.919923	-0.002656	0	0.923100	0.925704
201	RioBrVG.0.ja.85	0.934975	0.004008	0	0.925022	0.921084
202	UsutuV.j.55	1.000000	0.006701	0	0.926258	0.919664
203	TBVG.f.76	0.681050	0.004800	0	0.925353	0.920635
204	f.87	0.961683	0.002114	0	0.926631	0.924551
205	Deng.1.f3.29	0.890815	0.007064	0	0.927599	0.920639
206	Deng.3.f.32	0.681050	-0.004176	0	0.926051	0.930159
207	JEVG.Nt.ja.53	0.763574	-0.000914	0	0.927876	0.928776
208	PowVG.f.81	1.000000	0.000048	0	0.929156	0.929108
209	f.97	0.711683	0.003084	0	0.927970	0.924930
210	f.96	0.871213	-0.002319	0	0.925977	0.928257
211	f.95	0.669923	0.007192	0	0.910975	0.904015
212	f.94	0.899937	0.001785	0	0.913042	0.911311
213	Deng.2.w2.31	0.811187	0.002640	0	0.915763	0.913195
214	JEVG.Ig.f.39	1.000000	0.001413	0	0.916902	0.915526
215	WNV.1b.f.10	0.947551	0.000322	0	0.919063	0.918748
216	YFV.3.f.68-67	0.919923	-0.001233	0	0.921758	0.922965
217	TBV.f.57	0.716856	0.003580	0	0.922087	0.918581
218	YFVG.ja.63-61	0.899937	-0.000764	0	0.920845	0.921592
219	WNV.f.9	0.961683	-0.000397	0	0.924090	0.924480
220	f.98	0.890815	-0.002171	0	0.924652	0.926784
221	f.92	0.790876	0.003613	0	0.925438	0.921886
222	YFVG.f2.62-61	1.000000	0.009450	0	0.924435	0.915155
223	MosqFlav.3.f.71-70	0.961683	-0.003093	0	0.924072	0.927108
224	Tyuleniy.f.83	0.961683	0.004650	0	0.926767	0.922190
225	Meaban.ja.83	1.000000	-0.000028	0	0.927894	0.927922
226	Edge_Hill.YFVG.j.60	0.766730	0.005658	0	0.926927	0.921356
227	NoVertHost.f.69	0.871213	0.000070	0	0.926357	0.926289
228	TBVG.f2.77	1.000000	0.002030	0	0.928246	0.926244
229	WNV.2.f2.12	1.000000	0.003108	0	0.930168	0.927098
230	YFVG.f.61	0.903094	-0.000445	0	0.932133	0.932574
231	TBV.f.56	1.000000	0.005409	0	0.930351	0.925006
232	WNV.1a.f.7	0.947551	0.004130	0	0.911987	0.907985
233	RioBrVG.f.75-75	0.669923	0.164795	1	0.897952	0.740764
234	TBVG.f.79-77	0.871213	-0.004728	0	0.915034	0.919629
235	JEVG.Zi.f.46-45	1.000000	0.023934	0	0.917610	0.894280
236	SLEV.jj.52	0.899937	-0.004424	0	0.918794	0.923112
237	JEVG.Ig-aroa.ja.41	0.876602	-0.002312	0	0.921107	0.923369
238	aroa.JEVG.Ig.f.44-39	0.947551	-0.003164	0	0.921971	0.925070
239	JEVG.Ig.f.42	0.681050	0.003464	0	0.923285	0.919888
240	f.86	0.697551	0.003384	0	0.923957	0.920635
241	RioBrVG.1.f2.84	0.721997	-0.003356	0	0.924315	0.927610
242	TBVG.f.80-77	0.830493	-0.004263	0	0.924589	0.928776
243	TBVG.f2.78	0.858361	0.026437	0	0.923489	0.897555
244	JEVG.Zi.f.45	0.899937	0.010703	0	0.923096	0.912602
245	NoVertHost.0.f.73	0.876602	-0.001933	0	0.925491	0.927391
246	Deng.4.w2.19	0.716856	0.003894	0	0.926709	0.922876
247	WNV.2.w2.14	0.890815	0.014940	0	0.926007	0.911311
248	UsutuV.f.54	0.750000	0.002686	0	0.927577	0.924930
249	Deng.f.17	1.000000	0.133407	0	0.927161	0.795772
250	SeaBTB.ja.72	0.868574	0.000996	0	0.930315	0.929331
251	JE.j.33	0.903094	-0.003239	0	0.930738	0.933940
252	Deng.1.f3.30	1.000000	0.006608	0	0.930543	0.924012
253	MVEV.JEVG.MV.j.49	0.681050	0.004562	0	0.911420	0.907003
254	JE.jj.36	0.931050	0.030066	0	0.912860	0.883706
255	SLEV.jj.51	0.711683	-0.002949	0	0.916643	0.919515
256	MosqFlav.f.70	0.763574	0.002576	0	0.919740	0.917223
257	JEVG.Ig-aroa.ja.40	0.899937	-0.000657	0	0.921898	0.922542
258	JE.jj.37	0.766730	-0.004195	0	0.921700	0.925808
259	JE.jj.35	0.754451	0.002196	0	0.922554	0.920403
260	YFV.f.66	1.000000	0.043516	0	0.921769	0.879160
261	Edge_Hill.YFVG.j.59	0.837066	0.000146	0	0.923050	0.922907
262	YFV.f.65	1.000000	0.725053	0	0.918712	0.211137
263	RioBrVG.ja.74	1.000000	0.006458	0	0.924882	0.918537
264	YFV.f.64	1.000000	0.740203	0	0.916631	0.195908
265	WNV.2.f.8	1.000000	0.002869	0	0.926460	0.923637
266	f.88	0.811187	0.015789	0	0.926725	0.911182
267	f.43-16	0.766730	-0.003272	0	0.927144	0.930366
268	fw.23	1.000000	0.044238	0	0.926959	0.883399
269	f.93	0.890815	-0.000051	0	0.927099	0.927148
270	f.99	0.927240	0.001279	0	0.928977	0.927714
271	f.90	1.000000	0.017749	0	0.930502	0.912958
272	f.91	1.000000	0.003751	0	0.931055	0.927345
273	0,1M NaPP Standard pH 9	0.903094	-0.002707	0	0.929686	0.932359
274	Biotin-Marke_2,5µM	1.000000	0.766852	0	0.897907	0.166489
276	JE.j.34	0.899937	0.002875	0	0.916434	0.913635
277	SLEV.ja.50	1.000000	0.001580	0	0.919474	0.917931
281	WNV.2.w2.13	0.750000	0.002434	0	0.922797	0.920412
282	YFV.1.ja.67	1.000000	0.633714	0	0.916156	0.299440
283	JE.2.j.38	1.000000	-0.000272	0	0.925189	0.925456
284	MVEV.JEVG.MV.ja.48	1.000000	0.003560	0	0.926874	0.923369
285	WNV.1a.f.11	1.000000	0.002921	0	0.928105	0.925225
286	TBV.f.58	0.750000	0.002247	0	0.927143	0.924930
287	Deng.4.f3.18	0.868574	-0.002597	0	0.928146	0.930706
288	JEVG.MV.f.47	0.721997	-0.004324	0	0.926746	0.931002
292	WNV.f.1	1.000000	0.003554	0	0.933647	0.930122
293	RioBrVG.0.ja.85	0.947551	0.009923	0	0.932980	0.923146
294	UsutuV.j.55	0.640815	0.130938	1	0.927694	0.798663
295	TBVG.f.76	0.830493	0.004643	0	0.911757	0.907260
296	f.87	0.721997	-0.004589	0	0.914250	0.918707
297	Deng.1.f3.29	0.649937	0.004007	0	0.917632	0.913726
298	Deng.3.f.32	0.947551	0.006589	0	0.916647	0.910230
302	JEVG.Nt.ja.53	0.711683	0.003328	0	0.923151	0.919888
303	PowVG.f.81	0.832601	0.023635	0	0.923818	0.900624
304	f.97	0.750000	0.004256	0	0.925191	0.921008
305	f.96	0.966856	0.001284	0	0.925467	0.924205
306	f.95	0.919923	0.001585	0	0.928206	0.926643
307	f.94	0.903094	0.002940	0	0.928196	0.925298
308	Deng.2.w2.31	0.798612	0.006434	0	0.929831	0.923476
309	JEVG.Ig.f.39	0.754451	-0.002936	0	0.928953	0.931850
313	WNV.1b.f.10	0.931050	0.000518	0	0.929148	0.928637
314	YFV.3.f.68-67	0.934975	0.003171	0	0.933198	0.930055
315	TBV.f.57	0.899937	0.001949	0	0.933583	0.931650
316	YFVG.ja.63-61	0.947551	-0.000447	0	0.910285	0.910717
317	WNV.f.9	0.825319	0.000874	0	0.915211	0.914361
318	f.98	1.000000	0.000669	0	0.918389	0.917737
319	f.92	0.882153	-0.003091	0	0.917344	0.920356
323	YFVG.f2.62-61	1.000000	0.010222	0	0.924802	0.914760
324	MosqFlav.3.f.71-70	0.868574	-0.002252	0	0.924525	0.926737
325	Tyuleniy.f.83	0.825319	-0.000557	0	0.925684	0.926232
326	Meaban.ja.83	0.863636	0.000699	0	0.926921	0.926232
327	Edge_Hill.YFVG.j.60	0.882153	0.002437	0	0.927184	0.924783
328	NoVertHost.f.69	0.919923	-0.001931	0	0.927831	0.929734
329	TBVG.f2.77	0.860866	0.001002	0	0.928343	0.927355
330	WNV.2.f2.12	0.724502	0.001394	0	0.930472	0.929094
334	YFVG.f.61	0.899937	0.007009	0	0.932801	0.925856
335	TBV.f.56	1.000000	0.004853	0	0.933212	0.928402
336	WNV.1a.f.7	0.863636	0.000510	0	0.932249	0.931744
337	RioBrVG.f.75-75	0.903094	0.009388	0	0.904513	0.895493
338	TBVG.f.79-77	0.890815	-0.001380	0	0.912101	0.913438
339	JEVG.Zi.f.46-45	1.000000	0.023599	0	0.917504	0.894504
340	SLEV.jj.52	0.961683	0.005034	0	0.919673	0.914755
344	JEVG.Ig-aroa.ja.41	0.919923	-0.002289	0	0.925545	0.927795
345	aroa.JEVG.Ig.f.44-39	0.716856	0.003030	0	0.926793	0.923810
346	JEVG.Ig.f.42	0.903094	-0.000973	0	0.927603	0.928561
347	f.86	1.000000	-0.000244	0	0.925961	0.926201
348	RioBrVG.1.f2.84	0.927240	-0.000708	0	0.929488	0.930188
349	TBVG.f.80-77	1.000000	0.003648	0	0.928969	0.925369
350	TBVG.f2.78	1.000000	0.002091	0	0.929483	0.927419
351	JEVG.Zi.f.45	0.934975	0.003484	0	0.931039	0.927593
352	NoVertHost.0.f.73	0.899937	-0.000611	0	0.931058	0.931662
353	Deng.4.w2.19	0.745789	-0.002884	0	0.931540	0.934394
354	WNV.2.w2.14	0.961683	0.011481	0	0.930660	0.919310
355	UsutuV.f.54	0.750000	-0.002084	0	0.932235	0.934298
356	Deng.f.17	1.000000	0.140078	0	0.932228	0.793516
357	SeaBTB.ja.72	0.927240	0.000672	0	0.931373	0.930708
358	JE.j.33	0.931050	0.006345	0	0.911245	0.905103
359	Deng.1.f3.30	1.000000	0.001434	0	0.913948	0.912555
360	MVEV.JEVG.MV.j.49	0.740239	-0.000144	0	0.917295	0.917435
361	JE.jj.36	0.598634	-0.001457	0	0.919585	0.921008
362	SLEV.jj.51	0.931050	0.001952	0	0.922449	0.920536
363	MosqFlav.f.70	0.868574	-0.002389	0	0.923713	0.926057
364	JEVG.Ig-aroa.ja.40	1.000000	-0.003608	0	0.923302	0.926841
365	JE.jj.37	0.697551	-0.002398	0	0.925932	0.928292
366	JE.jj.35	0.832601	0.003209	0	0.927804	0.924642
367	YFV.f.66	1.000000	0.056228	0	0.926988	0.871621
368	Edge_Hill.YFVG.j.59	0.750000	0.033745	0	0.927319	0.894078
369	YFV.f.65	1.000000	0.739766	0	0.921071	0.197285
370	RioBrVG.ja.74	1.000000	0.012369	0	0.927981	0.915788
371	YFV.f.64	1.000000	0.752645	0	0.918392	0.184147
372	WNV.2.f.8	0.712271	-0.001840	0	0.928340	0.930154
373	f.88	0.927240	0.001039	0	0.929185	0.928159
374	f.43-16	0.931050	0.007344	0	0.933862	0.926577
375	fw.23	0.863636	0.061683	0	0.930610	0.869634
376	f.93	1.000000	0.002496	0	0.931316	0.928846
377	f.99	0.899937	-0.001208	0	0.930933	0.932127
378	f.90	1.000000	0.016568	0	0.929231	0.912877
379	f.91	0.947551	0.006993	0	0.911560	0.904789
380	0,1M NaPP Standard pH 9	0.899937	-0.002008	0	0.913513	0.915462
381	Biotin-Marke_2,5µM	1.000000	0.741983	0	0.901259	0.190919
383	JE.j.34	0.890815	0.002463	0	0.922446	0.920033
384	SLEV.ja.50	1.000000	0.021224	0	0.921708	0.900928
385	WNV.2.w2.13	0.653094	-0.000102	0	0.924083	0.924183
386	YFV.1.ja.67	1.000000	0.655139	0	0.916973	0.278837
387	JE.2.j.38	0.610866	0.148947	1	0.915987	0.771061
388	MVEV.JEVG.MV.ja.48	0.876602	0.060446	0	0.919336	0.860307
389	WNV.1a.f.11	0.890815	0.000981	0	0.922708	0.921747
390	TBV.f.58	0.961683	0.006288	0	0.928134	0.921934
391	Deng.4.f3.18	0.858361	0.004996	0	0.927006	0.922086
392	JEVG.MV.f.47	0.966856	0.002482	0	0.926494	0.924051
393	WNV.f.1	0.837066	-0.000804	0	0.928862	0.929655
394	RioBrVG.0.ja.85	0.766730	-0.003148	0	0.930117	0.933228
395	UsutuV.j.55	1.000000	0.016105	0	0.927573	0.911705
396	TBVG.f.76	1.000000	0.007660	0	0.930230	0.922662
397	f.87	0.961683	-0.003873	0	0.926642	0.930454
398	Deng.1.f3.29	0.837066	0.001688	0	0.931527	0.929857
399	Deng.3.f.32	1.000000	0.008330	0	0.931591	0.923348
400	JEVG.Nt.ja.53	0.882153	0.001726	0	0.910197	0.908528
401	PowVG.f.81	0.919923	-0.000361	0	0.913103	0.913453
402	f.97	0.653094	0.004347	0	0.917214	0.912979
403	f.96	0.848634	0.002621	0	0.920271	0.917709
404	f.95	0.890815	-0.001328	0	0.921298	0.922598
405	f.94	0.721997	0.002308	0	0.922239	0.919979
406	Deng.2.w2.31	0.890815	-0.000099	0	0.921450	0.921547
407	JEVG.Ig.f.39	1.000000	-0.007734	0	0.910294	0.917772
408	WNV.1b.f.10	1.000000	0.098844	0	0.856941	0.766966
409	YFV.3.f.68-67	1.000000	-0.002046	0	0.924210	0.926219
410	TBV.f.57	0.899937	0.101183	0	0.922087	0.822981
411	YFVG.ja.63-61	0.890815	0.049136	0	0.924978	0.876700
412	WNV.f.9	0.832601	-0.001206	0	0.927068	0.928255
413	f.98	0.919923	-0.001639	0	0.927155	0.928769
414	f.92	0.919923	0.003596	0	0.928512	0.924965
415	YFVG.f2.62-61	1.000000	0.019586	0	0.930843	0.911477
416	MosqFlav.3.f.71-70	1.000000	0.002810	0	0.929205	0.926432
417	Tyuleniy.f.83	1.000000	0.003703	0	0.931946	0.928280
418	Meaban.ja.83	1.000000	0.005222	0	0.928670	0.923519
419	Edge_Hill.YFVG.j.60	0.745789	0.001987	0	0.927978	0.926020
420	NoVertHost.f.69	0.919923	-0.001505	0	0.926600	0.928082
421	TBVG.f2.77	0.868574	0.004830	0	0.902274	0.897645
422	WNV.2.f2.12	0.899937	-0.001868	0	0.909131	0.910935
423	YFVG.f.61	0.934975	0.001307	0	0.914095	0.912826
424	TBV.f.56	1.000000	0.001571	0	0.917066	0.915536
425	WNV.1a.f.7	0.931050	-0.000813	0	0.918831	0.919624
426	RioBrVG.f.75-75	0.890815	0.002967	0	0.921067	0.918165
427	TBVG.f.79-77	0.927240	0.000688	0	0.919048	0.918375
428	JEVG.Zi.f.46-45	0.899937	0.013441	0	0.913761	0.900715
429	SLEV.jj.52	0.919923	-0.001600	0	0.918287	0.919848
430	JEVG.Ig-aroa.ja.41	0.837066	0.006810	0	0.923293	0.916614
431	aroa.JEVG.Ig.f.44-39	0.919923	-0.003706	0	0.924042	0.927680
432	JEVG.Ig.f.42	1.000000	0.002104	0	0.924471	0.922405
433	f.86	0.721997	0.000642	0	0.924849	0.924218
434	RioBrVG.1.f2.84	0.798612	0.001026	0	0.925014	0.924006
435	TBVG.f.80-77	0.931050	-0.002591	0	0.924681	0.927226
436	TBVG.f2.78	0.750000	0.056555	0	0.926003	0.870374
437	JEVG.Zi.f.45	0.613636	0.000406	0	0.926843	0.926444
438	NoVertHost.0.f.73	0.868574	0.002828	0	0.928085	0.925298
439	Deng.4.w2.19	0.890815	-0.000890	0	0.927494	0.928371
440	WNV.2.w2.14	0.903094	0.012203	0	0.925681	0.913682
441	UsutuV.f.54	0.830493	0.003376	0	0.922439	0.919131
