Spot ID	Substance	Confidence	Signal	Valid	Background	Mean
1	JE.j.34	0.894560	-0.006768	0	0.884839	0.891200
2	SLEV.ja.50	0.975192	-0.004048	0	0.895987	0.899840
3	WNV.2.w2.13	0.760481	-0.002748	0	0.897116	0.899735
4	YFV.1.ja.67	0.962954	0.001289	0	0.900623	0.899390
5	JE.2.j.38	0.750000	0.006453	0	0.908218	0.901992
6	MVEV.JEVG.MV.ja.48	0.715871	-0.002449	0	0.908923	0.911288
7	WNV.1a.f.11	0.877292	-0.005159	0	0.907147	0.912119
8	TBV.f.58	0.921720	-0.000410	0	0.910776	0.911173
9	Deng.4.f3.18	0.939028	-0.000752	0	0.911198	0.911926
10	JEVG.MV.f.47	0.939028	0.077955	0	0.911009	0.835571
11	WNV.f.1	0.802664	0.009594	0	0.912425	0.903126
12	RioBrVG.0.ja.85	0.750000	0.025714	0	0.908945	0.884117
13	UsutuV.j.55	0.962954	-0.002449	0	0.909391	0.911757
14	TBVG.f.76	0.913820	0.502159	0	0.903135	0.421391
15	f.87	0.975192	0.066024	0	0.913919	0.849823
16	Deng.1.f3.29	0.613407	0.004620	0	0.916731	0.912232
17	Deng.3.f.32	0.948664	0.541562	0	0.914263	0.388315
18	JEVG.Nt.ja.53	0.852234	0.016003	0	0.920305	0.904661
19	PowVG.f.81	0.952063	0.290802	0	0.916864	0.633643
20	f.97	0.952063	0.034129	0	0.920580	0.887205
21	f.96	0.812301	0.007079	0	0.913707	0.906836
22	f.95	0.894560	0.000084	0	0.899593	0.899513
23	f.94	0.863636	0.004522	0	0.895664	0.891362
24	Deng.2.w2.31	0.896845	-0.001459	0	0.899920	0.901315
25	JEVG.Ig.f.39	1.000000	0.000413	0	0.902358	0.901962
26	WNV.1b.f.10	0.913820	0.002144	0	0.908015	0.905947
27	YFV.3.f.68-67	0.750000	-0.002350	0	0.909717	0.911988
28	TBV.f.57	1.000000	-0.002570	0	0.910572	0.913058
29	YFVG.ja.63-61	0.945364	-0.000404	0	0.911872	0.912264
30	WNV.f.9	0.750000	0.001036	0	0.911849	0.910846
31	f.98	0.975192	0.005486	0	0.916387	0.911047
32	f.92	0.939028	0.093698	0	0.915815	0.824664
33	YFVG.f2.62-61	0.869235	-0.003918	0	0.915213	0.919022
34	MosqFlav.3.f.71-70	0.901512	-0.001886	0	0.918059	0.919897
35	Tyuleniy.f.83	0.939028	-0.000861	0	0.917477	0.918317
36	Meaban.ja.83	0.901512	-0.001106	0	0.916416	0.917493
37	Edge_Hill.YFVG.j.60	1.000000	-0.003190	0	0.916885	0.919993
38	NoVertHost.f.69	0.952063	0.017390	0	0.917388	0.900442
39	TBVG.f2.77	1.000000	0.003055	0	0.922635	0.919640
40	WNV.2.f2.12	0.877292	-0.000942	0	0.923088	0.924012
41	YFVG.f.61	0.979672	0.129837	0	0.923203	0.795877
42	TBV.f.56	0.924454	0.008374	0	0.922212	0.914009
43	WNV.1a.f.7	0.913820	0.006103	0	0.898040	0.892218
44	RioBrVG.f.75-75	1.000000	0.004370	0	0.895607	0.891450
45	TBVG.f.79-77	1.000000	-0.001825	0	0.893292	0.895024
46	JEVG.Zi.f.46-45	1.000000	0.023287	0	0.906667	0.884239
47	SLEV.jj.52	0.894560	0.017616	0	0.908969	0.891960
48	JEVG.Ig-aroa.ja.41	0.901512	0.004864	0	0.913395	0.908675
49	aroa.JEVG.Ig.f.44-39	0.750000	0.015309	0	0.912452	0.897615
50	JEVG.Ig.f.42	0.921720	0.006246	0	0.918954	0.912857
51	f.86	0.975192	0.315728	0	0.911129	0.605556
52	RioBrVG.1.f2.84	0.788090	0.004127	0	0.919452	0.915421
53	TBVG.f.80-77	0.975192	0.014920	0	0.920389	0.905802
54	TBVG.f2.78	0.749351	0.002926	0	0.919020	0.916163
55	JEVG.Zi.f.45	1.000000	0.144904	0	0.918432	0.777064
56	NoVertHost.0.f.73	0.887884	0.005942	0	0.919896	0.914090
57	Deng.4.w2.19	0.979672	-0.003318	0	0.919662	0.922903
58	WNV.2.w2.14	0.962954	-0.004584	0	0.919727	0.924205
59	UsutuV.f.54	1.000000	0.006432	0	0.921953	0.915654
60	Deng.f.17	0.769955	0.003620	0	0.920125	0.916587
61	SeaBTB.ja.72	0.671720	-0.003446	0	0.923790	0.927171
62	JE.j.33	0.945364	-0.000703	0	0.924073	0.924763
63	Deng.1.f3.30	1.000000	0.000543	0	0.920664	0.920132
64	MVEV.JEVG.MV.j.49	0.921720	-0.001766	0	0.896412	0.898094
65	JE.jj.36	0.613636	0.004335	0	0.898040	0.893906
66	SLEV.jj.51	0.924454	0.005405	0	0.905522	0.900322
67	MosqFlav.f.70	0.750000	-0.000081	0	0.911182	0.911260
68	JEVG.Ig-aroa.ja.40	0.712954	-0.004403	0	0.911888	0.916153
69	JE.jj.37	1.000000	-0.008596	0	0.908904	0.917203
70	JE.jj.35	0.867273	0.010213	0	0.917051	0.907102
71	YFV.f.66	0.975192	0.000730	0	0.916564	0.915853
72	Edge_Hill.YFVG.j.59	0.727043	0.002784	0	0.918774	0.916057
73	YFV.f.65	0.913820	0.002184	0	0.920159	0.918025
74	RioBrVG.ja.74	0.715871	0.007137	0	0.922841	0.915845
75	YFV.f.64	1.000000	0.008440	0	0.921433	0.913172
76	WNV.2.f.8	0.924454	0.003175	0	0.921240	0.918133
77	f.88	1.000000	0.001436	0	0.920877	0.919472
78	f.43-16	0.924454	0.000337	0	0.921169	0.920840
79	fw.23	0.975192	0.009987	0	0.922484	0.912697
80	f.93	0.869235	0.002953	0	0.921914	0.919022
81	f.99	0.979672	0.087666	0	0.918931	0.833358
82	f.90	1.000000	-0.000408	0	0.922300	0.922699
83	f.91	0.702063	-0.003529	0	0.923522	0.926984
84	0,1M NaPP Standard pH 9	0.863636	0.003574	0	0.922634	0.919131
85	Biotin-Marke_2,5µM	0.975192	0.517519	0	0.889979	0.400731
87	JE.j.34	0.725138	-0.002903	0	0.906478	0.909274
88	SLEV.ja.50	0.635715	0.003465	0	0.911291	0.907937
92	WNV.2.w2.13	0.962954	0.004024	0	0.919908	0.915976
93	YFV.1.ja.67	0.656319	-0.002413	0	0.921075	0.923436
94	JE.2.j.38	0.948664	-0.000940	0	0.922127	0.923048
95	MVEV.JEVG.MV.ja.48	0.939028	0.002559	0	0.924081	0.921569
96	WNV.1a.f.11	1.000000	0.003671	0	0.926623	0.923010
97	TBV.f.58	0.913820	-0.001577	0	0.922550	0.924095
98	Deng.4.f3.18	1.000000	0.001787	0	0.923889	0.922135
102	JEVG.MV.f.47	0.979672	0.071477	0	0.924402	0.854216
103	WNV.f.1	0.945364	-0.003489	0	0.922831	0.926251
104	RioBrVG.0.ja.85	0.671720	0.002138	0	0.923105	0.921008
105	UsutuV.j.55	0.838828	0.005315	0	0.923816	0.918601
106	TBVG.f.76	1.000000	0.539700	0	0.890972	0.380186
107	f.87	1.000000	0.046267	0	0.900496	0.856239
108	Deng.1.f3.29	0.924454	0.004458	0	0.910041	0.905731
109	Deng.3.f.32	0.945364	0.612023	0	0.902106	0.315633
113	JEVG.Nt.ja.53	0.877292	-0.000031	0	0.922671	0.922701
114	PowVG.f.81	0.979672	0.315838	0	0.919765	0.611188
115	f.97	0.979672	0.032412	0	0.922985	0.891208
116	f.96	0.962954	0.002762	0	0.926293	0.923576
117	f.95	1.000000	0.002809	0	0.926068	0.923305
118	f.94	0.939028	0.003086	0	0.923655	0.920627
119	Deng.2.w2.31	0.921720	0.002982	0	0.927059	0.924123
123	JEVG.Ig.f.39	0.750000	0.003316	0	0.926325	0.923063
124	WNV.1b.f.10	0.867273	0.009348	0	0.926084	0.916888
125	YFV.3.f.68-67	0.962954	-0.003169	0	0.924688	0.927801
126	TBV.f.57	0.979672	-0.001171	0	0.925148	0.926299
127	YFVG.ja.63-61	1.000000	0.012693	0	0.899375	0.887248
128	WNV.f.9	0.948664	0.090722	0	0.892268	0.806282
129	f.98	0.877292	0.088073	0	0.901195	0.816884
130	f.92	0.945364	0.148193	0	0.907573	0.764706
134	YFVG.f2.62-61	0.979672	0.002510	0	0.923020	0.920559
135	MosqFlav.3.f.71-70	0.979672	-0.003191	0	0.919425	0.922542
136	Tyuleniy.f.83	0.962954	0.000198	0	0.926697	0.926502
137	Meaban.ja.83	0.975192	0.004236	0	0.926380	0.922212
138	Edge_Hill.YFVG.j.60	1.000000	0.002063	0	0.926834	0.924804
139	NoVertHost.f.69	1.000000	0.004278	0	0.927822	0.923606
140	TBVG.f2.77	0.877292	0.000234	0	0.924224	0.923995
144	WNV.2.f2.12	0.948664	-0.000078	0	0.928365	0.928442
145	YFVG.f.61	1.000000	0.128260	0	0.926653	0.800403
146	TBV.f.56	0.945364	0.001088	0	0.928585	0.927512
147	WNV.1a.f.7	0.843309	-0.001831	0	0.926021	0.927822
148	RioBrVG.f.75-75	0.948664	0.003946	0	0.897236	0.893475
149	TBVG.f.79-77	0.913820	-0.007191	0	0.902446	0.909340
150	JEVG.Zi.f.46-45	0.962954	0.005791	0	0.905189	0.899621
151	SLEV.jj.52	0.758196	0.003880	0	0.917188	0.913407
152	JEVG.Ig-aroa.ja.41	1.000000	-0.001305	0	0.916537	0.917808
153	aroa.JEVG.Ig.f.44-39	1.000000	0.074649	0	0.910022	0.837861
154	JEVG.Ig.f.42	1.000000	0.000693	0	0.916975	0.916299
155	f.86	1.000000	0.300419	0	0.920125	0.626497
156	RioBrVG.1.f2.84	0.945364	-0.005597	0	0.919449	0.924915
157	TBVG.f.80-77	1.000000	0.011856	0	0.926035	0.914373
158	TBVG.f2.78	0.924454	-0.001680	0	0.927602	0.929257
159	JEVG.Zi.f.45	1.000000	0.169320	0	0.927234	0.760463
160	NoVertHost.0.f.73	0.863636	-0.003115	0	0.927403	0.930472
161	Deng.4.w2.19	0.695364	0.001276	0	0.928243	0.926984
162	WNV.2.w2.14	0.975192	-0.002915	0	0.923756	0.926616
163	UsutuV.f.54	1.000000	-0.000594	0	0.927124	0.927709
164	Deng.f.17	0.952063	0.001672	0	0.927838	0.926190
165	SeaBTB.ja.72	0.952063	-0.003797	0	0.925891	0.929625
166	JE.j.33	0.906319	-0.001596	0	0.928416	0.929990
167	Deng.1.f3.30	0.663820	-0.003144	0	0.927435	0.930532
168	MVEV.JEVG.MV.j.49	0.885715	-0.000880	0	0.927481	0.928348
169	JE.jj.36	0.627292	-0.000054	0	0.900789	0.900840
170	SLEV.jj.51	0.906319	-0.006046	0	0.907855	0.913686
171	MosqFlav.f.70	0.975192	-0.000034	0	0.914510	0.914543
172	JEVG.Ig-aroa.ja.40	0.962954	0.004023	0	0.918093	0.914170
173	JE.jj.37	0.901512	0.003480	0	0.919568	0.916169
174	JE.jj.35	0.921720	-0.001048	0	0.919162	0.920185
175	YFV.f.66	0.906319	0.065782	0	0.919571	0.855315
176	Edge_Hill.YFVG.j.59	0.894560	0.074876	0	0.918411	0.845364
177	YFV.f.65	1.000000	0.006099	0	0.922859	0.916880
178	RioBrVG.ja.74	0.730910	0.004486	0	0.928750	0.924324
179	YFV.f.64	1.000000	0.009013	0	0.929465	0.920566
180	WNV.2.f.8	0.945364	0.001596	0	0.929316	0.927741
181	f.88	0.885715	0.006033	0	0.929260	0.923305
182	f.43-16	0.962954	0.006454	0	0.930585	0.924205
183	fw.23	0.750000	0.016294	0	0.926209	0.910178
184	f.93	0.962954	0.001902	0	0.926141	0.924269
185	f.99	1.000000	0.110960	0	0.925804	0.816683
186	f.90	0.635715	-0.004367	0	0.929396	0.933707
187	f.91	0.975192	-0.003285	0	0.929073	0.932315
188	0,1M NaPP Standard pH 9	0.939028	-0.004330	0	0.928267	0.932536
189	Biotin-Marke_2,5µM	1.000000	0.535996	0	0.922538	0.397285
190	JE.j.34	0.924454	-0.003305	0	0.906743	0.909926
191	SLEV.ja.50	0.894560	0.000631	0	0.912027	0.911416
192	WNV.2.w2.13	0.877292	0.012270	0	0.913504	0.901598
193	YFV.1.ja.67	0.975192	-0.001735	0	0.917113	0.918803
194	JE.2.j.38	0.617273	-0.005485	0	0.919201	0.924557
195	MVEV.JEVG.MV.ja.48	0.924454	0.009964	0	0.923194	0.913422
196	WNV.1a.f.11	1.000000	0.001444	0	0.923608	0.922191
197	TBV.f.58	0.885715	-0.041142	0	0.874301	0.912510
198	Deng.4.f3.18	0.962954	0.001385	0	0.924580	0.923220
199	JEVG.MV.f.47	1.000000	0.065854	0	0.926168	0.861380
200	WNV.f.1	1.000000	-0.002133	0	0.926406	0.928504
201	RioBrVG.0.ja.85	0.952063	-0.005762	0	0.923530	0.929182
202	UsutuV.j.55	0.945364	0.000815	0	0.925726	0.924925
203	TBVG.f.76	1.000000	0.610265	0	0.919597	0.323470
204	f.87	1.000000	0.072871	0	0.927379	0.855594
205	Deng.1.f3.29	0.939028	0.001105	0	0.928683	0.927593
206	Deng.3.f.32	0.979672	0.618878	0	0.922941	0.316202
207	JEVG.Nt.ja.53	1.000000	-0.003859	0	0.928252	0.932057
208	PowVG.f.81	1.000000	0.302134	0	0.926885	0.629412
209	f.97	1.000000	0.027110	0	0.932161	0.905317
210	f.96	1.000000	0.004277	0	0.931006	0.926776
211	f.95	1.000000	-0.002005	0	0.906412	0.908343
212	f.94	0.863407	0.018907	0	0.903851	0.885698
213	Deng.2.w2.31	0.896845	-0.005475	0	0.911940	0.917243
214	JEVG.Ig.f.39	0.952063	-0.002255	0	0.918918	0.921119
215	WNV.1b.f.10	0.732872	0.001569	0	0.919710	0.918177
216	YFV.3.f.68-67	0.962954	-0.004882	0	0.917602	0.922360
217	TBV.f.57	1.000000	-0.015586	0	0.905544	0.920536
218	YFVG.ja.63-61	0.750000	-0.019619	0	0.888254	0.906765
219	WNV.f.9	0.877292	-0.000287	0	0.923304	0.923586
220	f.98	0.896845	0.002214	0	0.927834	0.925652
221	f.92	1.000000	0.090064	0	0.926040	0.837446
222	YFVG.f2.62-61	0.812301	0.010801	0	0.924866	0.914255
223	MosqFlav.3.f.71-70	0.750000	-0.002577	0	0.928045	0.930585
224	Tyuleniy.f.83	0.945364	0.001453	0	0.929310	0.927876
225	Meaban.ja.83	0.750000	-0.002318	0	0.929616	0.931905
226	Edge_Hill.YFVG.j.60	1.000000	-0.004087	0	0.927292	0.931318
227	NoVertHost.f.69	0.975192	0.003726	0	0.931363	0.927676
228	TBVG.f2.77	0.765148	-0.000926	0	0.930193	0.931108
229	WNV.2.f2.12	0.867273	0.008145	0	0.931973	0.923910
230	YFVG.f.61	1.000000	0.140134	0	0.924921	0.787241
231	TBV.f.56	0.939028	0.001017	0	0.929689	0.928685
232	WNV.1a.f.7	0.906319	0.007045	0	0.904567	0.897797
233	RioBrVG.f.75-75	1.000000	-0.004353	0	0.905882	0.910071
234	TBVG.f.79-77	0.962954	0.000398	0	0.913587	0.913201
235	JEVG.Zi.f.46-45	0.812301	0.006383	0	0.915161	0.908956
236	SLEV.jj.52	0.924454	-0.002741	0	0.917989	0.920661
237	JEVG.Ig-aroa.ja.41	0.924454	-0.004099	0	0.919814	0.923819
238	aroa.JEVG.Ig.f.44-39	0.979672	0.001945	0	0.924898	0.922987
239	JEVG.Ig.f.42	0.948664	0.062447	0	0.915438	0.854714
240	f.86	1.000000	0.278309	0	0.923214	0.650283
241	RioBrVG.1.f2.84	0.863636	0.004414	0	0.928891	0.924536
242	TBVG.f.80-77	1.000000	0.008973	0	0.926024	0.917197
243	TBVG.f2.78	0.921720	0.004742	0	0.927894	0.923220
244	JEVG.Zi.f.45	1.000000	0.166703	0	0.923846	0.760252
245	NoVertHost.0.f.73	0.750000	-0.001527	0	0.930062	0.931571
246	Deng.4.w2.19	0.896845	0.005685	0	0.931205	0.925582
247	WNV.2.w2.14	0.885715	0.006730	0	0.931637	0.924976
248	UsutuV.f.54	0.613636	0.004106	0	0.929970	0.925914
249	Deng.f.17	0.730910	-0.002468	0	0.931633	0.934076
250	SeaBTB.ja.72	0.863407	-0.002148	0	0.931174	0.933299
251	JE.j.33	0.877292	0.002104	0	0.932811	0.930726
252	Deng.1.f3.30	0.896845	0.002844	0	0.931132	0.928319
253	MVEV.JEVG.MV.j.49	0.945364	-0.007613	0	0.903496	0.910802
254	JE.jj.36	0.863636	0.002404	0	0.912664	0.910334
255	SLEV.jj.51	0.913820	-0.002989	0	0.913772	0.916673
256	MosqFlav.f.70	0.852234	-0.001419	0	0.918042	0.919427
257	JEVG.Ig-aroa.ja.40	0.887884	0.009052	0	0.919676	0.910833
258	JE.jj.37	0.812301	-0.003771	0	0.919581	0.923264
259	JE.jj.35	0.877292	-0.001627	0	0.923773	0.925369
260	YFV.f.66	0.901512	0.001696	0	0.927406	0.925735
261	Edge_Hill.YFVG.j.59	0.674454	0.006914	0	0.926694	0.919888
262	YFV.f.65	0.945364	0.003197	0	0.926815	0.923667
263	RioBrVG.ja.74	0.945364	-0.000198	0	0.928126	0.928321
264	YFV.f.64	0.975192	0.014478	0	0.926220	0.911976
265	WNV.2.f.8	0.885715	0.002944	0	0.932175	0.929260
266	f.88	1.000000	0.003373	0	0.930523	0.927189
267	f.43-16	0.945364	0.002920	0	0.930692	0.927805
268	fw.23	1.000000	0.017573	0	0.927503	0.910190
269	f.93	0.901512	-0.005726	0	0.928331	0.933977
270	f.99	1.000000	0.112394	0	0.930035	0.818999
271	f.90	0.945364	-0.005006	0	0.927763	0.932696
272	f.91	0.887884	0.006281	0	0.929388	0.923186
273	0,1M NaPP Standard pH 9	0.877292	0.004260	0	0.924812	0.920627
274	Biotin-Marke_2,5µM	1.000000	0.579423	0	0.897705	0.345180
276	JE.j.34	0.750000	0.052339	0	0.912799	0.862051
277	SLEV.ja.50	0.975192	0.005072	0	0.913966	0.909042
281	WNV.2.w2.13	0.962954	-0.002907	0	0.924778	0.927633
282	YFV.1.ja.67	0.952063	-0.010604	0	0.916390	0.926712
283	JE.2.j.38	0.750000	0.008656	0	0.923740	0.915246
284	MVEV.JEVG.MV.ja.48	1.000000	-0.004624	0	0.923371	0.927906
285	WNV.1a.f.11	0.979672	-0.003571	0	0.924292	0.927798
286	TBV.f.58	0.863407	-0.004559	0	0.928644	0.933141
287	Deng.4.f3.18	0.863636	-0.004415	0	0.929821	0.934182
288	JEVG.MV.f.47	1.000000	0.081108	0	0.929412	0.849338
292	WNV.f.1	0.948664	0.088974	0	0.904000	0.818561
293	RioBrVG.0.ja.85	0.906319	-0.047330	0	0.868829	0.912510
294	UsutuV.j.55	0.863407	-0.042220	0	0.873430	0.912601
295	TBVG.f.76	1.000000	0.558615	0	0.898135	0.365196
296	f.87	1.000000	0.022434	0	0.906001	0.884411
297	Deng.1.f3.29	1.000000	-0.007077	0	0.911021	0.917870
298	Deng.3.f.32	1.000000	0.623020	0	0.905593	0.306274
302	JEVG.Nt.ja.53	0.894560	0.009947	0	0.923884	0.914122
303	PowVG.f.81	1.000000	0.314462	0	0.920800	0.613221
304	f.97	1.000000	0.028684	0	0.923594	0.895453
305	f.96	0.885715	-0.003630	0	0.924540	0.928105
306	f.95	0.939028	0.036492	0	0.921953	0.886215
307	f.94	0.887884	0.035440	0	0.919271	0.884665
308	Deng.2.w2.31	1.000000	-0.003536	0	0.923972	0.927443
309	JEVG.Ig.f.39	0.867273	0.001284	0	0.928944	0.927676
313	WNV.1b.f.10	0.861502	-0.064860	0	0.819165	0.875602
314	YFV.3.f.68-67	0.750000	0.157816	1	0.876683	0.729717
315	TBV.f.57	0.637884	0.103447	1	0.869579	0.774025
316	YFVG.ja.63-61	0.924454	0.009904	0	0.906223	0.896690
317	WNV.f.9	0.861502	0.004434	0	0.911452	0.907160
318	f.98	0.750000	-0.003444	0	0.913598	0.916940
319	f.92	1.000000	0.040123	0	0.913358	0.874430
323	YFVG.f2.62-61	0.863407	-0.001418	0	0.922927	0.924317
324	MosqFlav.3.f.71-70	0.885715	0.012428	0	0.922069	0.909896
325	Tyuleniy.f.83	0.962954	-0.002920	0	0.924381	0.927248
326	Meaban.ja.83	0.962954	-0.000067	0	0.923571	0.923637
327	Edge_Hill.YFVG.j.60	0.863636	-0.002819	0	0.926109	0.928882
328	NoVertHost.f.69	0.945364	0.002826	0	0.929367	0.926577
329	TBVG.f2.77	0.913820	-0.000822	0	0.926034	0.926842
330	WNV.2.f2.12	0.962954	-0.006805	0	0.927118	0.933820
334	YFVG.f.61	1.000000	0.128340	0	0.925880	0.799656
335	TBV.f.56	0.962954	0.000439	0	0.929172	0.928738
336	WNV.1a.f.7	0.924454	-0.002165	0	0.923420	0.925544
337	RioBrVG.f.75-75	0.727043	-0.002136	0	0.901399	0.903444
338	TBVG.f.79-77	0.838828	-0.004658	0	0.908066	0.912560
339	JEVG.Zi.f.46-45	0.975192	0.004254	0	0.911997	0.907876
340	SLEV.jj.52	0.887884	-0.002399	0	0.915649	0.917982
344	JEVG.Ig-aroa.ja.41	1.000000	-0.005473	0	0.920744	0.926097
345	aroa.JEVG.Ig.f.44-39	0.750000	0.002149	0	0.925923	0.923810
346	JEVG.Ig.f.42	1.000000	0.003857	0	0.928652	0.924848
347	f.86	1.000000	0.305416	0	0.923791	0.624090
348	RioBrVG.1.f2.84	0.913820	-0.004170	0	0.926082	0.930184
349	TBVG.f.80-77	1.000000	0.006499	0	0.923294	0.916920
350	TBVG.f2.78	1.000000	0.005276	0	0.928308	0.923106
351	JEVG.Zi.f.45	1.000000	0.183640	0	0.926844	0.746045
352	NoVertHost.0.f.73	0.877292	0.013444	0	0.930861	0.917567
353	Deng.4.w2.19	0.924454	0.006887	0	0.930842	0.924032
354	WNV.2.w2.14	0.906319	0.003652	0	0.926707	0.923112
355	UsutuV.f.54	0.945364	-0.002427	0	0.931575	0.933977
356	Deng.f.17	0.975192	-0.004651	0	0.925903	0.930477
357	SeaBTB.ja.72	1.000000	0.003195	0	0.927153	0.924007
358	JE.j.33	1.000000	0.001707	0	0.899094	0.897464
359	Deng.1.f3.30	0.863407	0.014760	0	0.912016	0.897717
360	MVEV.JEVG.MV.j.49	0.863636	-0.004682	0	0.912051	0.916587
361	JE.jj.36	1.000000	-0.002923	0	0.916751	0.919598
362	SLEV.jj.51	0.952063	-0.003866	0	0.918056	0.921826
363	MosqFlav.f.70	0.979672	-0.002919	0	0.917961	0.920807
364	JEVG.Ig-aroa.ja.40	1.000000	-0.005617	0	0.919035	0.924518
365	JE.jj.37	0.877292	-0.000444	0	0.924113	0.924549
366	JE.jj.35	0.948664	0.002620	0	0.925903	0.923326
367	YFV.f.66	0.863636	0.000245	0	0.926367	0.926126
368	Edge_Hill.YFVG.j.59	0.887884	-0.000872	0	0.927793	0.928652
369	YFV.f.65	0.979672	-0.003008	0	0.927906	0.930872
370	RioBrVG.ja.74	0.962954	-0.002777	0	0.928977	0.931717
371	YFV.f.64	1.000000	0.016816	0	0.929233	0.912635
372	WNV.2.f.8	0.894560	-0.004979	0	0.924201	0.929089
373	f.88	1.000000	0.001879	0	0.927190	0.925339
374	f.43-16	0.975192	0.002107	0	0.929132	0.927053
375	fw.23	0.863636	0.018200	0	0.929685	0.911712
376	f.93	0.863407	0.003228	0	0.927782	0.924601
377	f.99	1.000000	0.102225	0	0.914273	0.814994
378	f.90	1.000000	-0.003685	0	0.925147	0.928769
379	f.91	0.826590	0.008144	0	0.900102	0.892316
380	0,1M NaPP Standard pH 9	0.863407	0.005481	0	0.907244	0.901962
381	Biotin-Marke_2,5µM	1.000000	0.589787	0	0.909427	0.339675
383	JE.j.34	1.000000	-0.005085	0	0.915083	0.920026
384	SLEV.ja.50	1.000000	0.000865	0	0.919379	0.918534
385	WNV.2.w2.13	0.921720	0.003856	0	0.922429	0.918651
386	YFV.1.ja.67	1.000000	0.005584	0	0.923276	0.917800
387	JE.2.j.38	0.894560	0.004842	0	0.925881	0.921119
388	MVEV.JEVG.MV.ja.48	0.975192	0.003849	0	0.927545	0.923752
389	WNV.1a.f.11	0.894560	0.004688	0	0.927861	0.923240
390	TBV.f.58	0.826590	0.008978	0	0.930121	0.921251
391	Deng.4.f3.18	0.869235	-0.002440	0	0.927253	0.929656
392	JEVG.MV.f.47	1.000000	0.089185	0	0.927291	0.839443
393	WNV.f.1	0.750000	-0.002931	0	0.922044	0.924915
394	RioBrVG.0.ja.85	0.924454	0.010387	0	0.930910	0.920639
395	UsutuV.j.55	0.948664	0.005078	0	0.929169	0.924157
396	TBVG.f.76	1.000000	0.605884	0	0.921441	0.328406
397	f.87	1.000000	0.081394	0	0.926093	0.846023
398	Deng.1.f3.29	0.975192	-0.002609	0	0.922368	0.924925
399	Deng.3.f.32	1.000000	0.593393	0	0.918404	0.339510
400	JEVG.Nt.ja.53	0.975192	0.004388	0	0.897818	0.893633
401	PowVG.f.81	1.000000	0.304115	0	0.902846	0.611188
402	f.97	1.000000	0.020859	0	0.910203	0.890035
403	f.96	1.000000	-0.008758	0	0.909804	0.918268
404	f.95	0.885715	-0.002497	0	0.913663	0.916087
405	f.94	0.939028	0.001394	0	0.920768	0.919405
406	Deng.2.w2.31	0.921720	0.003215	0	0.919889	0.916747
407	JEVG.Ig.f.39	0.852234	0.001161	0	0.923040	0.921902
408	WNV.1b.f.10	0.906319	0.002422	0	0.923753	0.921376
409	YFV.3.f.68-67	0.894560	0.002375	0	0.926211	0.923874
410	TBV.f.57	0.727043	0.000510	0	0.923871	0.923370
411	YFVG.ja.63-61	0.939028	0.002739	0	0.924303	0.921614
412	WNV.f.9	0.894560	0.011410	0	0.927146	0.915909
413	f.98	0.924454	0.005163	0	0.927039	0.921955
414	f.92	1.000000	0.111993	0	0.926471	0.816255
415	YFVG.f2.62-61	0.750000	-0.003312	0	0.927214	0.930476
416	MosqFlav.3.f.71-70	0.750000	-0.004670	0	0.926496	0.931093
417	Tyuleniy.f.83	0.863636	-0.004363	0	0.925758	0.930048
418	Meaban.ja.83	0.852234	-0.004288	0	0.924866	0.929078
419	Edge_Hill.YFVG.j.60	0.975192	-0.001385	0	0.921720	0.923076
420	NoVertHost.f.69	0.962954	0.002295	0	0.922686	0.920437
421	TBVG.f2.77	0.885715	-0.006349	0	0.891541	0.897554
422	WNV.2.f2.12	0.863636	0.003246	0	0.896999	0.893906
423	YFVG.f.61	0.975192	0.120043	0	0.900704	0.785851
424	TBV.f.56	0.896845	0.001470	0	0.908458	0.907040
425	WNV.1a.f.7	0.975192	-0.003346	0	0.908899	0.912129
426	RioBrVG.f.75-75	1.000000	0.015988	0	0.914707	0.899172
427	TBVG.f.79-77	0.750000	-0.005813	0	0.915737	0.921392
428	JEVG.Zi.f.46-45	0.975192	0.031741	0	0.919125	0.888135
429	SLEV.jj.52	0.924454	0.000608	0	0.919883	0.919289
430	JEVG.Ig-aroa.ja.41	1.000000	0.005188	0	0.922407	0.917324
431	aroa.JEVG.Ig.f.44-39	0.901512	-0.008367	0	0.915509	0.923646
432	JEVG.Ig.f.42	0.924454	-0.004515	0	0.921409	0.925828
433	f.86	1.000000	0.338605	0	0.921303	0.589929
434	RioBrVG.1.f2.84	0.863407	-0.000819	0	0.921667	0.922469
435	TBVG.f.80-77	1.000000	0.022519	0	0.921036	0.899004
436	TBVG.f2.78	1.000000	0.002994	0	0.924706	0.921765
437	JEVG.Zi.f.45	0.975192	0.261011	0	0.912439	0.659460
438	NoVertHost.0.f.73	0.863407	0.001227	0	0.916716	0.915521
439	Deng.4.w2.19	0.975192	0.004029	0	0.918783	0.914851
440	WNV.2.w2.14	0.975192	-0.002167	0	0.917353	0.919465
441	UsutuV.f.54	1.000000	0.002621	0	0.914656	0.912109
