Spot ID	Substance	Confidence	Signal	Valid	Background	Mean
1	JE.j.34	0.844887	0.008594	0	0.842850	0.837415
2	SLEV.ja.50	1.000000	-0.007154	0	0.846950	0.851496
3	WNV.2.w2.13	0.841906	-0.009050	0	0.851385	0.857166
4	YFV.1.ja.67	1.000000	-0.015621	0	0.852872	0.862867
5	JE.2.j.38	0.819369	0.019822	0	0.862964	0.850130
6	MVEV.JEVG.MV.ja.48	0.836061	-0.008149	0	0.856292	0.861527
7	WNV.1a.f.11	0.930935	-0.003377	0	0.857858	0.860031
8	TBV.f.58	0.867024	-0.007044	0	0.858529	0.863066
9	Deng.4.f3.18	0.880881	0.006871	0	0.861658	0.857216
10	JEVG.MV.f.47	0.908095	0.003034	0	0.862185	0.860222
11	WNV.f.1	0.946784	-0.004810	0	0.862270	0.865381
12	RioBrVG.0.ja.85	1.000000	-0.007594	0	0.861934	0.866845
13	UsutuV.j.55	0.819369	0.005569	0	0.866609	0.862988
14	TBVG.f.76	0.850975	0.002720	0	0.862448	0.860688
15	f.87	1.000000	-0.005656	0	0.864528	0.868196
16	Deng.1.f3.29	0.566697	-0.010788	0	0.866377	0.873389
17	Deng.3.f.32	1.000000	0.005545	0	0.870896	0.867274
18	JEVG.Nt.ja.53	1.000000	-0.000063	0	0.876812	0.876854
19	PowVG.f.81	0.591906	-0.012571	0	0.870964	0.879178
20	f.97	0.613710	0.008072	0	0.868942	0.863679
21	f.96	1.000000	0.000189	0	0.870588	0.870465
22	f.95	0.873825	-0.008426	0	0.845233	0.850576
23	f.94	0.935997	-0.002750	0	0.848379	0.850130
24	Deng.2.w2.31	0.819369	0.007588	0	0.854145	0.849282
25	JEVG.Ig.f.39	1.000000	-0.008222	0	0.856612	0.861896
26	WNV.1b.f.10	0.863636	0.007165	0	0.861973	0.857340
27	YFV.3.f.68-67	0.899854	-0.007711	0	0.863072	0.868066
28	TBV.f.57	0.850975	-0.001411	0	0.863760	0.864674
29	YFVG.ja.63-61	0.793844	-0.003288	0	0.864663	0.866796
30	WNV.f.9	0.841906	0.009275	0	0.865623	0.859600
31	f.98	0.748150	-0.010229	0	0.867113	0.873768
32	f.92	0.921355	-0.008883	0	0.868458	0.874245
33	YFVG.f2.62-61	1.000000	-0.007242	0	0.868545	0.873265
34	MosqFlav.3.f.71-70	0.908095	0.006821	0	0.869906	0.865454
35	Tyuleniy.f.83	0.941271	-0.002968	0	0.875571	0.877521
36	Meaban.ja.83	0.892011	0.001057	0	0.874315	0.873622
37	Edge_Hill.YFVG.j.60	1.000000	0.005402	0	0.867264	0.863749
38	NoVertHost.f.69	0.863710	0.001436	0	0.872533	0.871593
39	TBVG.f2.77	0.880881	-0.008807	0	0.876321	0.882111
40	WNV.2.f2.12	0.895886	-0.013528	0	0.874873	0.883753
41	YFVG.f.61	1.000000	0.007372	0	0.874911	0.870072
42	TBV.f.56	0.841906	-0.007037	0	0.876888	0.881518
43	WNV.1a.f.7	0.836061	-0.001039	0	0.847126	0.847787
44	RioBrVG.f.75-75	0.793844	0.005309	0	0.854750	0.851346
45	TBVG.f.79-77	0.867024	0.000741	0	0.859210	0.858733
46	JEVG.Zi.f.46-45	1.000000	0.025380	0	0.857072	0.840752
47	SLEV.jj.52	0.867024	-0.001321	0	0.861608	0.862462
48	JEVG.Ig-aroa.ja.41	0.941271	-0.005136	0	0.864813	0.868146
49	aroa.JEVG.Ig.f.44-39	0.645886	0.004498	0	0.869789	0.866854
50	JEVG.Ig.f.42	0.930935	0.000824	0	0.872513	0.871973
51	f.86	0.873825	0.013398	0	0.872550	0.863779
52	RioBrVG.1.f2.84	0.941271	0.001317	0	0.867585	0.866728
53	TBVG.f.80-77	0.867024	0.006551	0	0.873015	0.868725
54	TBVG.f2.78	0.908095	-0.001330	0	0.874795	0.875668
55	JEVG.Zi.f.45	0.836061	0.004102	0	0.875099	0.872406
56	NoVertHost.0.f.73	0.819369	0.004424	0	0.874219	0.871317
57	Deng.4.w2.19	0.895886	0.004783	0	0.880681	0.877521
58	WNV.2.w2.14	0.867024	-0.009750	0	0.873683	0.880074
59	UsutuV.f.54	0.916801	0.004916	0	0.874791	0.871564
60	Deng.f.17	0.841906	0.023854	0	0.875588	0.859917
61	SeaBTB.ja.72	0.884513	-0.006099	0	0.882087	0.886124
62	JE.j.33	0.844887	0.008719	0	0.883271	0.877492
63	Deng.1.f3.30	0.930935	0.007167	0	0.875102	0.870396
64	MVEV.JEVG.MV.j.49	0.908095	-0.005018	0	0.852058	0.855266
65	JE.jj.36	0.952574	-0.003189	0	0.853438	0.855480
66	SLEV.jj.51	0.899854	-0.000964	0	0.859303	0.859925
67	MosqFlav.f.70	0.610451	-0.004217	0	0.860769	0.863492
68	JEVG.Ig-aroa.ja.40	0.935997	0.005219	0	0.866046	0.862654
69	JE.jj.37	1.000000	0.002794	0	0.862976	0.861167
70	JE.jj.35	0.895886	0.015978	0	0.869447	0.859024
71	YFV.f.66	0.634513	0.006006	0	0.873028	0.869094
72	Edge_Hill.YFVG.j.59	0.780437	0.005342	0	0.875901	0.872390
73	YFV.f.65	0.895886	-0.001259	0	0.874372	0.875198
74	RioBrVG.ja.74	0.921355	0.005672	0	0.873254	0.869538
75	YFV.f.64	1.000000	-0.004940	0	0.874553	0.877794
76	WNV.2.f.8	0.727347	-0.006498	0	0.876490	0.880763
77	f.88	0.884513	0.031664	0	0.873778	0.853020
78	f.43-16	0.863710	-0.008902	0	0.873115	0.878946
79	fw.23	0.863636	0.105169	0	0.878750	0.809412
80	f.93	1.000000	0.006057	0	0.877591	0.873603
81	f.99	0.759523	-0.007388	0	0.873800	0.878643
82	f.90	0.880881	-0.005799	0	0.876383	0.880196
83	f.91	0.870394	-0.012486	0	0.876725	0.884938
84	0,1M NaPP Standard pH 9	0.569369	-0.007720	0	0.878385	0.883473
85	Biotin-Marke_2,5µM	1.000000	1.018346	0	0.838679	0.197896
87	JE.j.34	1.000000	0.000670	0	0.860268	0.859836
88	SLEV.ja.50	0.763490	0.000585	0	0.864185	0.863805
92	WNV.2.w2.13	0.895886	-0.003691	0	0.873097	0.875514
93	YFV.1.ja.67	1.000000	-0.005479	0	0.875200	0.878797
94	JE.2.j.38	0.737461	-0.007504	0	0.875726	0.880657
95	MVEV.JEVG.MV.ja.48	1.000000	-0.003253	0	0.877799	0.879941
96	WNV.1a.f.11	0.841906	-0.006157	0	0.877359	0.881412
97	TBV.f.58	0.748150	0.000523	0	0.877292	0.876948
98	Deng.4.f3.18	0.780437	-0.004167	0	0.874109	0.876842
102	JEVG.MV.f.47	0.908095	0.015190	0	0.884144	0.874068
103	WNV.f.1	0.696784	0.003283	0	0.879664	0.877498
104	RioBrVG.0.ja.85	0.860451	-0.001955	0	0.880620	0.881911
105	UsutuV.j.55	0.935997	-0.003735	0	0.880737	0.883205
106	TBVG.f.76	1.000000	0.004503	0	0.852981	0.850099
107	f.87	0.841906	-0.005250	0	0.858595	0.861977
108	Deng.1.f3.29	0.899854	-0.003704	0	0.864266	0.866668
109	Deng.3.f.32	0.657480	0.001400	0	0.864183	0.863275
113	JEVG.Nt.ja.53	0.892011	0.004370	0	0.869841	0.866989
114	PowVG.f.81	0.816697	-0.006183	0	0.872712	0.876761
115	f.97	0.793844	-0.002489	0	0.876472	0.878109
116	f.96	1.000000	0.002991	0	0.880697	0.878721
117	f.95	0.895886	-0.001136	0	0.882046	0.882797
118	f.94	1.000000	0.000206	0	0.878214	0.878078
119	Deng.2.w2.31	1.000000	-0.000967	0	0.878274	0.878912
123	JEVG.Ig.f.39	0.873825	0.006753	0	0.884443	0.879962
124	WNV.1b.f.10	0.844887	-0.013158	0	0.878635	0.887309
125	YFV.3.f.68-67	0.816210	0.006242	0	0.878838	0.874722
126	TBV.f.57	0.908095	-0.001720	0	0.875281	0.876410
127	YFVG.ja.63-61	1.000000	0.000274	0	0.859143	0.858967
128	WNV.f.9	0.916801	0.000996	0	0.860353	0.859711
129	f.98	0.873825	-0.002246	0	0.866878	0.868339
130	f.92	0.916801	-0.006836	0	0.868307	0.872761
134	YFVG.f2.62-61	0.935997	-0.004884	0	0.878206	0.881424
135	MosqFlav.3.f.71-70	0.699697	-0.002628	0	0.877549	0.879279
136	Tyuleniy.f.83	0.724088	0.007668	0	0.875946	0.870906
137	Meaban.ja.83	0.844887	-0.006309	0	0.880116	0.884282
138	Edge_Hill.YFVG.j.60	0.941271	0.001527	0	0.882354	0.881343
139	NoVertHost.f.69	0.892011	0.002121	0	0.884756	0.883348
140	TBVG.f2.77	0.895886	-0.013744	0	0.869752	0.878721
144	WNV.2.f2.12	0.737461	0.000986	0	0.885446	0.884791
145	YFVG.f.61	1.000000	-0.008722	0	0.882859	0.888636
146	TBV.f.56	0.941271	0.005311	0	0.877142	0.873647
147	WNV.1a.f.7	0.867024	-0.004011	0	0.881641	0.884295
148	RioBrVG.f.75-75	0.867024	-0.001483	0	0.858703	0.859659
149	TBVG.f.79-77	0.819369	0.003719	0	0.862564	0.860158
150	JEVG.Zi.f.46-45	1.000000	0.032551	0	0.865759	0.844616
151	SLEV.jj.52	0.935997	0.002708	0	0.868645	0.866880
152	JEVG.Ig-aroa.ja.41	0.819369	-0.000971	0	0.871176	0.871810
153	aroa.JEVG.Ig.f.44-39	0.844887	-0.001051	0	0.873070	0.873758
154	JEVG.Ig.f.42	0.946784	0.000575	0	0.873327	0.872950
155	f.86	0.952574	-0.005527	0	0.876924	0.880560
156	RioBrVG.1.f2.84	0.908095	0.007077	0	0.881785	0.877103
157	TBVG.f.80-77	0.880881	0.001233	0	0.880662	0.879847
158	TBVG.f2.78	0.645886	-0.003783	0	0.877248	0.879738
159	JEVG.Zi.f.45	0.699697	0.004311	0	0.883834	0.880975
160	NoVertHost.0.f.73	1.000000	0.009484	0	0.885014	0.878717
161	Deng.4.w2.19	0.921355	-0.003719	0	0.879634	0.882088
162	WNV.2.w2.14	0.566210	0.271227	1	0.864772	0.688796
163	UsutuV.f.54	0.880881	-0.001078	0	0.887256	0.887974
164	Deng.f.17	0.763490	0.007283	0	0.885816	0.880975
165	SeaBTB.ja.72	0.737461	0.004378	0	0.883772	0.880869
166	JE.j.33	1.000000	0.003327	0	0.882216	0.880013
167	Deng.1.f3.30	0.863636	0.008704	0	0.885059	0.879279
168	MVEV.JEVG.MV.j.49	0.784991	0.014391	0	0.882448	0.872920
169	JE.jj.36	0.884513	0.024758	0	0.860335	0.844354
170	SLEV.jj.51	0.799634	0.007164	0	0.865063	0.860414
171	MosqFlav.f.70	0.873825	-0.003661	0	0.868043	0.870427
172	JEVG.Ig-aroa.ja.40	1.000000	-0.005896	0	0.866667	0.870501
173	JE.jj.37	0.880881	-0.004414	0	0.869638	0.872518
174	JE.jj.35	0.863636	0.005894	0	0.875520	0.871648
175	YFV.f.66	0.530437	0.175821	1	0.871876	0.756863
176	Edge_Hill.YFVG.j.59	0.870394	-0.001938	0	0.876004	0.877278
177	YFV.f.65	0.819369	-0.005636	0	0.877034	0.880743
178	RioBrVG.ja.74	0.952574	-0.001095	0	0.880708	0.881432
179	YFV.f.64	1.000000	0.005619	0	0.883129	0.879405
180	WNV.2.f.8	0.952574	0.003664	0	0.881949	0.879525
181	f.88	0.819369	0.004355	0	0.883117	0.880232
182	f.43-16	0.880881	-0.002527	0	0.885753	0.887432
183	fw.23	1.000000	0.112391	0	0.884207	0.809647
184	f.93	0.600975	0.002749	0	0.884925	0.883100
185	f.99	0.666801	0.003514	0	0.887494	0.885154
186	f.90	0.819369	0.007829	0	0.885433	0.880232
187	f.91	0.586061	0.008357	0	0.882659	0.877124
188	0,1M NaPP Standard pH 9	0.819369	-0.008013	0	0.880949	0.886245
189	Biotin-Marke_2,5µM	1.000000	0.958433	0	0.868447	0.243958
190	JE.j.34	0.946784	0.003463	0	0.855908	0.853684
191	SLEV.ja.50	0.748150	0.000528	0	0.861285	0.860943
192	WNV.2.w2.13	0.895886	0.002870	0	0.866218	0.864352
193	YFV.1.ja.67	0.895886	-0.000542	0	0.871761	0.872115
194	JE.2.j.38	0.860451	-0.002884	0	0.872139	0.874026
195	MVEV.JEVG.MV.ja.48	0.819369	-0.002938	0	0.873861	0.875788
196	WNV.1a.f.11	0.930935	-0.004140	0	0.873696	0.876410
197	TBV.f.58	1.000000	-0.004957	0	0.874573	0.877826
198	Deng.4.f3.18	1.000000	-0.002063	0	0.872097	0.873447
199	JEVG.MV.f.47	1.000000	-0.006010	0	0.880728	0.884699
200	WNV.f.1	1.000000	0.002663	0	0.884619	0.882851
201	RioBrVG.0.ja.85	0.844887	-0.000627	0	0.882401	0.882816
202	UsutuV.j.55	0.863636	0.008516	0	0.882906	0.877266
203	TBVG.f.76	0.873825	0.004076	0	0.887972	0.885257
204	f.87	0.941271	0.000369	0	0.888491	0.888246
205	Deng.1.f3.29	1.000000	-0.006705	0	0.881734	0.886169
206	Deng.3.f.32	0.863710	0.000592	0	0.882382	0.881990
207	JEVG.Nt.ja.53	1.000000	-0.008277	0	0.887719	0.893232
208	PowVG.f.81	0.884513	0.006589	0	0.887469	0.883082
209	f.97	0.867024	-0.004374	0	0.888246	0.891161
210	f.96	0.816697	-0.003949	0	0.886446	0.889072
211	f.95	0.724088	-0.006696	0	0.857694	0.862003
212	f.94	0.658095	-0.005408	0	0.861119	0.864613
213	Deng.2.w2.31	0.594887	0.003294	0	0.863947	0.861812
214	JEVG.Ig.f.39	0.916801	-0.000648	0	0.871451	0.871875
215	WNV.1b.f.10	0.841906	-0.004552	0	0.873388	0.876371
216	YFV.3.f.68-67	0.850975	0.001381	0	0.874163	0.873258
217	TBV.f.57	0.750000	0.006815	0	0.877315	0.872829
218	YFVG.ja.63-61	0.784991	0.010051	0	0.876776	0.870164
219	WNV.f.9	1.000000	0.003307	0	0.872114	0.869951
220	f.98	0.657480	-0.011296	0	0.874938	0.882353
221	f.92	0.780437	-0.004060	0	0.881047	0.883731
222	YFVG.f2.62-61	0.916801	-0.006193	0	0.878538	0.882620
223	MosqFlav.3.f.71-70	0.844887	0.017145	0	0.878534	0.867233
224	Tyuleniy.f.83	0.952574	0.003559	0	0.883806	0.881446
225	Meaban.ja.83	0.860451	-0.004132	0	0.888407	0.891161
226	Edge_Hill.YFVG.j.60	0.860451	-0.000728	0	0.886744	0.887228
227	NoVertHost.f.69	0.685997	-0.005930	0	0.889786	0.893744
228	TBVG.f2.77	0.860451	0.009622	0	0.892598	0.886154
229	WNV.2.f2.12	0.860451	0.002304	0	0.892627	0.891084
230	YFVG.f.61	0.908095	0.002164	0	0.888481	0.887039
231	TBV.f.56	0.880881	-0.003053	0	0.888296	0.890330
232	WNV.1a.f.7	0.880881	-0.003725	0	0.856309	0.858702
233	RioBrVG.f.75-75	1.000000	0.016250	0	0.863660	0.853130
234	TBVG.f.79-77	0.873825	0.013308	0	0.859676	0.851092
235	JEVG.Zi.f.46-45	0.863636	0.040466	0	0.872270	0.845787
236	SLEV.jj.52	0.930935	0.001533	0	0.878876	0.877865
237	JEVG.Ig-aroa.ja.41	0.841906	-0.002813	0	0.877067	0.878918
238	aroa.JEVG.Ig.f.44-39	0.836061	-0.001734	0	0.877419	0.878561
239	JEVG.Ig.f.42	1.000000	-0.005179	0	0.878961	0.882376
240	f.86	0.860451	0.006699	0	0.880334	0.875910
241	RioBrVG.1.f2.84	0.916801	0.001052	0	0.876254	0.875562
242	TBVG.f.80-77	0.916801	0.005878	0	0.879490	0.875612
243	TBVG.f2.78	1.000000	-0.002645	0	0.880098	0.881845
244	JEVG.Zi.f.45	0.870394	-0.005988	0	0.875651	0.879585
245	NoVertHost.0.f.73	0.952574	0.003172	0	0.883284	0.881182
246	Deng.4.w2.19	0.771731	0.003361	0	0.884689	0.882459
247	WNV.2.w2.14	0.880881	0.008641	0	0.890505	0.884732
248	UsutuV.f.54	1.000000	0.001704	0	0.892037	0.890896
249	Deng.f.17	0.930935	0.003921	0	0.894048	0.891418
250	SeaBTB.ja.72	0.850975	-0.003797	0	0.888199	0.890729
251	JE.j.33	0.899854	0.000615	0	0.890821	0.890410
252	Deng.1.f3.30	0.895886	-0.007900	0	0.890128	0.895404
253	MVEV.JEVG.MV.j.49	0.892011	-0.006327	0	0.857036	0.861104
254	JE.jj.36	1.000000	0.003907	0	0.864171	0.861638
255	SLEV.jj.51	0.860451	-0.002152	0	0.863267	0.864661
256	MosqFlav.f.70	1.000000	-0.002469	0	0.862745	0.864343
257	JEVG.Ig-aroa.ja.40	0.863710	0.000590	0	0.871218	0.870832
258	JE.jj.37	0.794572	0.003184	0	0.877348	0.875252
259	JE.jj.35	0.946784	0.010203	0	0.876263	0.869555
260	YFV.f.66	1.000000	0.000859	0	0.877602	0.877037
261	Edge_Hill.YFVG.j.59	0.880881	-0.000763	0	0.880725	0.881229
262	YFV.f.65	0.892011	0.006241	0	0.877223	0.873115
263	RioBrVG.ja.74	0.880881	0.001884	0	0.874174	0.872938
264	YFV.f.64	0.793844	-0.006952	0	0.881073	0.885669
265	WNV.2.f.8	1.000000	0.002462	0	0.883043	0.881412
266	f.88	0.793844	-0.004071	0	0.881141	0.883832
267	f.43-16	0.613710	-0.011264	0	0.881995	0.889449
268	fw.23	0.863636	0.095689	0	0.887340	0.823636
269	f.93	0.863636	0.010248	0	0.893569	0.886698
270	f.99	0.623825	0.008651	0	0.894508	0.888702
271	f.90	0.793844	-0.004551	0	0.890894	0.893936
272	f.91	1.000000	0.019012	0	0.895644	0.882868
273	0,1M NaPP Standard pH 9	1.000000	-0.000010	0	0.891733	0.891740
274	Biotin-Marke_2,5µM	1.000000	1.022723	0	0.844631	0.196527
276	JE.j.34	0.841906	0.010532	0	0.861776	0.854966
277	SLEV.ja.50	0.623825	0.003319	0	0.863963	0.861812
281	WNV.2.w2.13	0.691271	-0.003058	0	0.870272	0.872269
282	YFV.1.ja.67	0.784991	0.005480	0	0.873970	0.870376
283	JE.2.j.38	0.819369	-0.006902	0	0.876327	0.880865
284	MVEV.JEVG.MV.ja.48	0.935997	-0.000573	0	0.877125	0.877502
285	WNV.1a.f.11	0.946784	0.004794	0	0.883224	0.880048
286	TBV.f.58	0.844887	0.006358	0	0.884471	0.880252
287	Deng.4.f3.18	0.850975	0.003002	0	0.883889	0.881898
288	JEVG.MV.f.47	0.691271	0.002882	0	0.882955	0.881046
292	WNV.f.1	0.702574	0.002599	0	0.892497	0.890756
293	RioBrVG.0.ja.85	1.000000	-0.001117	0	0.894211	0.894961
294	UsutuV.j.55	0.930935	-0.003075	0	0.894669	0.896733
295	TBVG.f.76	0.799634	0.010141	0	0.856971	0.850451
296	f.87	0.750000	0.003918	0	0.860794	0.858263
297	Deng.1.f3.29	0.793844	0.012159	0	0.858880	0.851044
298	Deng.3.f.32	0.844887	-0.009527	0	0.861600	0.867759
302	JEVG.Nt.ja.53	1.000000	-0.005132	0	0.871356	0.874711
303	PowVG.f.81	0.750000	-0.003129	0	0.874697	0.876751
304	f.97	0.850975	-0.001217	0	0.875809	0.876609
305	f.96	0.771731	0.009330	0	0.878433	0.872284
306	f.95	0.880881	0.003638	0	0.881691	0.879284
307	f.94	0.895886	0.006328	0	0.880958	0.876775
308	Deng.2.w2.31	1.000000	-0.001718	0	0.886588	0.887731
309	JEVG.Ig.f.39	0.780437	0.002438	0	0.887049	0.885426
313	WNV.1b.f.10	0.952574	0.003760	0	0.895115	0.892590
314	YFV.3.f.68-67	0.750000	0.001324	0	0.890894	0.890009
315	TBV.f.57	0.935997	0.030848	0	0.889099	0.868522
316	YFVG.ja.63-61	0.860451	0.001044	0	0.852942	0.852274
317	WNV.f.9	0.892011	-0.003027	0	0.857684	0.859632
318	f.98	0.586061	-0.000304	0	0.860868	0.861065
319	f.92	0.819369	0.003920	0	0.865979	0.863432
323	YFVG.f2.62-61	0.860451	-0.006190	0	0.877878	0.881956
324	MosqFlav.3.f.71-70	0.705542	0.038923	0	0.876361	0.850768
325	Tyuleniy.f.83	0.819369	0.010259	0	0.881229	0.874446
326	Meaban.ja.83	0.623825	0.005113	0	0.885188	0.881793
327	Edge_Hill.YFVG.j.60	1.000000	0.008197	0	0.880412	0.874998
328	NoVertHost.f.69	0.860451	0.017645	0	0.879523	0.867880
329	TBVG.f2.77	1.000000	0.002703	0	0.883507	0.881716
330	WNV.2.f2.12	1.000000	0.003550	0	0.888513	0.886147
334	YFVG.f.61	0.873825	0.004420	0	0.894440	0.891474
335	TBV.f.56	0.657480	-0.001637	0	0.890586	0.891680
336	WNV.1a.f.7	0.844887	0.000411	0	0.891766	0.891491
337	RioBrVG.f.75-75	0.895886	-0.003589	0	0.849448	0.851735
338	TBVG.f.79-77	0.860451	0.000781	0	0.855116	0.854615
339	JEVG.Zi.f.46-45	1.000000	0.021987	0	0.859632	0.845451
340	SLEV.jj.52	0.867024	-0.008858	0	0.864177	0.869920
344	JEVG.Ig-aroa.ja.41	0.836061	-0.008807	0	0.873831	0.879605
345	aroa.JEVG.Ig.f.44-39	0.899854	0.005976	0	0.879501	0.875558
346	JEVG.Ig.f.42	0.841906	-0.003643	0	0.874624	0.877015
347	f.86	0.916801	0.004843	0	0.881190	0.877988
348	RioBrVG.1.f2.84	0.666801	0.012951	0	0.881959	0.873389
349	TBVG.f.80-77	0.836061	0.000440	0	0.884353	0.884060
350	TBVG.f2.78	0.844887	-0.001448	0	0.882004	0.882962
351	JEVG.Zi.f.45	0.841906	-0.006567	0	0.884553	0.888911
352	NoVertHost.0.f.73	0.744517	0.011051	0	0.884493	0.877160
353	Deng.4.w2.19	0.870394	-0.002006	0	0.887446	0.888782
354	WNV.2.w2.14	0.750000	0.007537	0	0.890376	0.885341
355	UsutuV.f.54	0.952574	-0.004666	0	0.892208	0.895331
356	Deng.f.17	0.884513	0.008384	0	0.889345	0.883750
357	SeaBTB.ja.72	0.916801	0.027025	0	0.888111	0.870104
358	JE.j.33	0.867024	-0.002848	0	0.847398	0.849209
359	Deng.1.f3.30	0.844887	-0.001541	0	0.854270	0.855257
360	MVEV.JEVG.MV.j.49	1.000000	-0.003540	0	0.856933	0.859209
361	JE.jj.36	0.748150	-0.006513	0	0.863085	0.867303
362	SLEV.jj.51	0.793844	-0.008257	0	0.864897	0.870255
363	MosqFlav.f.70	0.841906	0.000700	0	0.872261	0.871802
364	JEVG.Ig-aroa.ja.40	0.724088	0.002084	0	0.871315	0.869952
365	JE.jj.37	0.867024	-0.006321	0	0.865950	0.870057
366	JE.jj.35	0.867024	0.026568	0	0.850981	0.834018
367	YFV.f.66	0.873825	0.032283	0	0.874344	0.853166
368	Edge_Hill.YFVG.j.59	0.860451	0.004328	0	0.879526	0.876670
369	YFV.f.65	0.793844	-0.008649	0	0.882494	0.888221
370	RioBrVG.ja.74	0.880881	-0.005303	0	0.881189	0.884695
371	YFV.f.64	0.880881	-0.001969	0	0.882297	0.883601
372	WNV.2.f.8	0.734031	0.006211	0	0.886058	0.881929
373	f.88	0.844887	-0.004781	0	0.887591	0.890775
374	f.43-16	0.952574	0.000916	0	0.887639	0.887029
375	fw.23	0.863636	0.114578	0	0.887184	0.810917
376	f.93	0.819369	0.001066	0	0.891336	0.890623
377	f.99	0.645886	-0.003563	0	0.893969	0.896358
378	f.90	0.899854	0.009094	0	0.892812	0.886720
379	f.91	0.863636	-0.005468	0	0.848876	0.852358
380	0,1M NaPP Standard pH 9	0.750000	0.005587	0	0.852500	0.848926
381	Biotin-Marke_2,5µM	1.000000	1.000498	0	0.833106	0.207737
383	JE.j.34	0.793844	-0.006937	0	0.866363	0.870872
384	SLEV.ja.50	0.863636	-0.003678	0	0.872632	0.875040
385	WNV.2.w2.13	0.880881	-0.002065	0	0.868999	0.870345
386	YFV.1.ja.67	0.841906	0.024101	0	0.848417	0.833076
387	JE.2.j.38	0.916801	0.002508	0	0.876071	0.874423
388	MVEV.JEVG.MV.ja.48	1.000000	-0.001463	0	0.877647	0.878610
389	WNV.1a.f.11	0.935997	0.002408	0	0.876449	0.874866
390	TBV.f.58	0.836061	0.050594	0	0.876595	0.843320
391	Deng.4.f3.18	0.860451	-0.003836	0	0.884245	0.886789
392	JEVG.MV.f.47	0.892011	0.003179	0	0.883953	0.881845
393	WNV.f.1	1.000000	0.000426	0	0.884372	0.884089
394	RioBrVG.0.ja.85	1.000000	0.003313	0	0.889579	0.887368
395	UsutuV.j.55	0.916801	-0.004127	0	0.889006	0.891759
396	TBVG.f.76	0.836061	0.002413	0	0.885777	0.884173
397	f.87	0.759523	0.000839	0	0.890333	0.889772
398	Deng.1.f3.29	0.836061	-0.006679	0	0.892603	0.897075
399	Deng.3.f.32	0.895886	0.006013	0	0.892323	0.888297
400	JEVG.Nt.ja.53	0.850975	0.013851	0	0.849503	0.840675
401	PowVG.f.81	0.916801	-0.007068	0	0.847286	0.851779
402	f.97	0.884513	0.000647	0	0.851151	0.850738
403	f.96	0.699697	0.002586	0	0.859644	0.857976
404	f.95	0.860451	0.004462	0	0.862398	0.859511
405	f.94	0.793844	-0.003856	0	0.866623	0.869130
406	Deng.2.w2.31	0.860451	0.000949	0	0.871919	0.871298
407	JEVG.Ig.f.39	0.867024	0.000199	0	0.867284	0.867155
408	WNV.1b.f.10	0.645886	0.011271	0	0.877072	0.869655
409	YFV.3.f.68-67	1.000000	-0.003209	0	0.879594	0.881712
410	TBV.f.57	0.819369	0.003696	0	0.880875	0.878433
411	YFVG.ja.63-61	0.908095	-0.001686	0	0.881279	0.882394
412	WNV.f.9	1.000000	-0.002518	0	0.886750	0.888425
413	f.98	0.836061	0.023326	0	0.885067	0.869578
414	f.92	0.873825	0.003753	0	0.882773	0.880287
415	YFVG.f2.62-61	0.880881	0.014464	0	0.888384	0.878743
416	MosqFlav.3.f.71-70	0.870394	0.003479	0	0.891335	0.889009
417	Tyuleniy.f.83	0.860451	-0.002509	0	0.886674	0.888343
418	Meaban.ja.83	0.884513	0.001660	0	0.889440	0.888332
419	Edge_Hill.YFVG.j.60	0.952574	-0.000628	0	0.889796	0.890215
420	NoVertHost.f.69	1.000000	-0.001629	0	0.887799	0.888884
421	TBVG.f2.77	0.666801	-0.008999	0	0.843789	0.849487
422	WNV.2.f2.12	0.819369	0.003810	0	0.849809	0.847380
423	YFVG.f.61	0.836061	-0.000209	0	0.848234	0.848367
424	TBV.f.56	0.952574	0.001123	0	0.852470	0.851751
425	WNV.1a.f.7	0.860451	-0.003133	0	0.856633	0.858647
426	RioBrVG.f.75-75	0.880881	-0.003851	0	0.862293	0.864784
427	TBVG.f.79-77	0.873825	-0.005851	0	0.870432	0.874253
428	JEVG.Zi.f.46-45	1.000000	0.026422	0	0.871656	0.854376
429	SLEV.jj.52	1.000000	0.004509	0	0.871313	0.868365
430	JEVG.Ig-aroa.ja.41	0.880881	-0.005426	0	0.875446	0.879010
431	aroa.JEVG.Ig.f.44-39	0.895886	0.006020	0	0.878173	0.874207
432	JEVG.Ig.f.42	1.000000	0.004949	0	0.879754	0.876487
433	f.86	0.952574	0.001632	0	0.878093	0.877018
434	RioBrVG.1.f2.84	0.816697	-0.003456	0	0.881322	0.883607
435	TBVG.f.80-77	0.819369	-0.005370	0	0.877163	0.880696
436	TBVG.f2.78	0.884513	-0.007020	0	0.878238	0.882864
437	JEVG.Zi.f.45	0.946784	-0.004033	0	0.885012	0.887689
438	NoVertHost.0.f.73	0.737461	-0.007957	0	0.888706	0.894012
439	Deng.4.w2.19	0.873825	0.004828	0	0.886078	0.882868
440	WNV.2.w2.14	0.863636	0.004872	0	0.885484	0.882247
441	UsutuV.f.54	1.000000	-0.040171	0	0.851828	0.877502
