Spot ID	Substance	Confidence	Signal	Valid	Background	Mean
1	JE.j.34	1.000000	-0.004267	0	0.880157	0.884147
2	SLEV.ja.50	1.000000	-0.001437	0	0.892371	0.893732
3	WNV.2.w2.13	0.777547	-0.000278	0	0.894320	0.894584
4	YFV.1.ja.67	0.863480	-0.002436	0	0.897981	0.900304
5	JE.2.j.38	1.000000	-0.005638	0	0.895023	0.900383
6	MVEV.JEVG.MV.ja.48	1.000000	0.015004	0	0.897096	0.882799
7	WNV.1a.f.11	1.000000	0.636259	0	0.896842	0.290702
8	TBV.f.58	0.803009	0.001112	0	0.900964	0.899900
9	Deng.4.f3.18	0.750000	0.005512	0	0.904234	0.898940
10	JEVG.MV.f.47	1.000000	0.007237	0	0.902924	0.895983
11	WNV.f.1	1.000000	0.185944	0	0.902058	0.723886
12	RioBrVG.0.ja.85	0.902045	-0.001563	0	0.908014	0.909521
13	UsutuV.j.55	0.699218	-0.006808	0	0.906955	0.913513
14	TBVG.f.76	1.000000	0.009531	0	0.906449	0.897272
15	f.87	1.000000	0.006255	0	0.908836	0.902797
16	Deng.1.f3.29	0.839989	-0.003460	0	0.910572	0.913919
17	Deng.3.f.32	0.839989	-0.006136	0	0.910139	0.916071
18	JEVG.Nt.ja.53	0.822848	-0.003328	0	0.909720	0.912936
19	PowVG.f.81	0.835582	-0.003987	0	0.907160	0.911001
20	f.97	0.750000	0.016453	0	0.911339	0.895412
21	f.96	1.000000	0.020148	0	0.891654	0.872570
22	f.95	0.839989	-0.005778	0	0.889048	0.894504
23	f.94	0.835582	0.007594	0	0.896946	0.889710
24	Deng.2.w2.31	0.839989	0.006680	0	0.896773	0.890410
25	JEVG.Ig.f.39	0.750000	-0.009070	0	0.894195	0.902811
26	WNV.1b.f.10	0.928993	-0.005953	0	0.898744	0.904428
27	YFV.3.f.68-67	0.742649	-0.009430	0	0.901200	0.910228
28	TBV.f.57	0.879012	-0.003928	0	0.903911	0.907683
29	YFVG.ja.63-61	1.000000	-0.009298	0	0.905426	0.914369
30	WNV.f.9	1.000000	0.232102	0	0.906713	0.683165
31	f.98	1.000000	0.024977	0	0.908396	0.884295
32	f.92	0.589989	-0.006145	0	0.909655	0.915593
33	YFVG.f2.62-61	1.000000	-0.003962	0	0.910230	0.914061
34	MosqFlav.3.f.71-70	1.000000	0.004252	0	0.908765	0.904661
35	Tyuleniy.f.83	0.839989	0.008126	0	0.913986	0.906096
36	Meaban.ja.83	1.000000	-0.008746	0	0.905821	0.914236
37	Edge_Hill.YFVG.j.60	0.879012	0.007851	0	0.912767	0.905155
38	NoVertHost.f.69	0.839989	0.008772	0	0.914014	0.905497
39	TBVG.f2.77	0.589989	0.004360	0	0.915163	0.910924
40	WNV.2.f2.12	0.902045	-0.002523	0	0.912050	0.914494
41	YFVG.f.61	0.803009	-0.005502	0	0.910532	0.915853
42	TBV.f.56	0.921772	-0.015307	0	0.898748	0.913362
43	WNV.1a.f.7	1.000000	0.229725	0	0.891023	0.673592
44	RioBrVG.f.75-75	1.000000	0.005769	0	0.898736	0.893229
45	TBVG.f.79-77	0.879012	-0.002742	0	0.898766	0.901384
46	JEVG.Zi.f.46-45	1.000000	0.023720	0	0.900545	0.877855
47	SLEV.jj.52	0.921772	-0.004035	0	0.903046	0.906917
48	JEVG.Ig-aroa.ja.41	1.000000	-0.002437	0	0.903225	0.905564
49	aroa.JEVG.Ig.f.44-39	0.750000	0.007444	0	0.909338	0.902147
50	JEVG.Ig.f.42	0.585582	0.003729	0	0.910797	0.907190
51	f.86	0.500000	-0.003993	0	0.912098	0.915966
52	RioBrVG.1.f2.84	0.671772	0.004718	0	0.916263	0.911671
53	TBVG.f.80-77	0.839989	0.003110	0	0.914110	0.911090
54	TBVG.f2.78	0.750000	0.025189	0	0.914861	0.890383
55	JEVG.Zi.f.45	0.803009	0.002948	0	0.913425	0.910565
56	NoVertHost.0.f.73	0.765681	0.006254	0	0.912687	0.906624
57	Deng.4.w2.19	1.000000	0.000534	0	0.910836	0.910320
58	WNV.2.w2.14	1.000000	0.022832	0	0.913525	0.891369
59	UsutuV.f.54	1.000000	0.036859	0	0.912754	0.877017
60	Deng.f.17	1.000000	0.007689	0	0.917279	0.909787
61	SeaBTB.ja.72	0.879012	-0.001511	0	0.918423	0.919897
62	JE.j.33	0.863480	-0.004771	0	0.915335	0.919974
63	Deng.1.f3.30	0.863636	0.006477	0	0.912905	0.906624
64	MVEV.JEVG.MV.j.49	0.634491	0.004773	0	0.893418	0.888889
65	JE.jj.36	0.839989	0.003367	0	0.897779	0.894568
66	SLEV.jj.51	0.666646	0.007028	0	0.900415	0.893694
67	MosqFlav.f.70	0.703625	0.004944	0	0.902247	0.897509
68	JEVG.Ig-aroa.ja.40	0.703625	-0.004357	0	0.903818	0.908002
69	JE.jj.37	0.686484	-0.007303	0	0.903221	0.910228
70	JE.jj.35	0.686484	0.003668	0	0.909212	0.905670
71	YFV.f.66	0.928993	0.004226	0	0.914130	0.910026
72	Edge_Hill.YFVG.j.59	0.699218	-0.003143	0	0.915016	0.918071
73	YFV.f.65	0.703625	0.011887	0	0.916394	0.904822
74	RioBrVG.ja.74	0.678993	0.003653	0	0.917097	0.913539
75	YFV.f.64	1.000000	0.001079	0	0.915596	0.914547
76	WNV.2.f.8	1.000000	0.128587	0	0.914501	0.789589
77	f.88	0.863480	0.001525	0	0.913301	0.911821
78	f.43-16	1.000000	0.807132	0	0.901068	0.128521
79	fw.23	0.928993	0.346523	0	0.910443	0.575317
80	f.93	0.835582	-0.003977	0	0.916924	0.920798
81	f.99	0.748127	0.010003	0	0.917004	0.907260
82	f.90	1.000000	0.002519	0	0.912845	0.910403
83	f.91	0.822848	-0.004152	0	0.919133	0.923186
84	0,1M NaPP Standard pH 9	0.835582	-0.006851	0	0.913060	0.919705
85	Biotin-Marke_2,5µM	1.000000	0.864285	0	0.879067	0.072014
87	JE.j.34	0.835582	0.006015	0	0.895164	0.889444
88	SLEV.ja.50	0.803009	-0.001217	0	0.898429	0.899591
92	WNV.2.w2.13	0.553009	0.002932	0	0.915457	0.912605
93	YFV.1.ja.67	1.000000	0.002616	0	0.917892	0.915341
94	JE.2.j.38	0.839989	-0.002200	0	0.916662	0.918805
95	MVEV.JEVG.MV.ja.48	1.000000	0.018568	0	0.918790	0.900668
96	WNV.1a.f.11	1.000000	0.634040	0	0.913472	0.298246
97	TBV.f.58	0.750000	0.002725	0	0.918971	0.916310
98	Deng.4.f3.18	0.742649	0.005461	0	0.919590	0.914255
102	JEVG.MV.f.47	0.777547	-0.003513	0	0.918788	0.922216
103	WNV.f.1	1.000000	0.182529	0	0.914465	0.737159
104	RioBrVG.0.ja.85	0.822848	-0.002676	0	0.919925	0.922540
105	UsutuV.j.55	0.835582	-0.004456	0	0.914129	0.918456
106	TBVG.f.76	1.000000	0.002174	0	0.889028	0.886975
107	f.87	0.822848	0.099713	0	0.894147	0.799439
108	Deng.1.f3.29	0.921772	-0.001795	0	0.896881	0.898591
109	Deng.3.f.32	0.921772	0.001465	0	0.905642	0.904233
113	JEVG.Nt.ja.53	1.000000	-0.004435	0	0.914932	0.919243
114	PowVG.f.81	0.785408	0.004121	0	0.918595	0.914573
115	f.97	0.902045	0.002677	0	0.919442	0.916827
116	f.96	1.000000	0.005503	0	0.920400	0.915020
117	f.95	0.839989	0.003246	0	0.920951	0.917776
118	f.94	0.822848	0.001302	0	0.920399	0.919126
119	Deng.2.w2.31	0.835582	-0.001415	0	0.919852	0.921235
123	JEVG.Ig.f.39	0.803009	0.006321	0	0.923729	0.917526
124	WNV.1b.f.10	0.750000	0.005530	0	0.920589	0.915182
125	YFV.3.f.68-67	0.879012	0.006603	0	0.920504	0.914047
126	TBV.f.57	0.822848	0.006753	0	0.919798	0.913201
127	YFVG.ja.63-61	0.835582	0.075639	0	0.895619	0.823659
128	WNV.f.9	1.000000	0.222789	0	0.900654	0.687509
129	f.98	1.000000	0.025310	0	0.905236	0.880899
130	f.92	0.792630	0.006356	0	0.909052	0.902914
134	YFVG.f2.62-61	0.822848	0.001156	0	0.918533	0.917405
135	MosqFlav.3.f.71-70	0.902045	0.001424	0	0.919571	0.918180
136	Tyuleniy.f.83	0.879012	-0.004393	0	0.919144	0.923433
137	Meaban.ja.83	0.863636	0.003210	0	0.921318	0.918177
138	Edge_Hill.YFVG.j.60	0.822848	0.002323	0	0.922361	0.920085
139	NoVertHost.f.69	0.641183	0.002066	0	0.922533	0.920509
140	TBVG.f2.77	0.902045	0.001807	0	0.922550	0.920779
144	WNV.2.f2.12	1.000000	0.005324	0	0.924353	0.919126
145	YFVG.f.61	0.822848	-0.005606	0	0.919629	0.925105
146	TBV.f.56	0.879012	0.005875	0	0.921972	0.916219
147	WNV.1a.f.7	1.000000	0.238071	0	0.920412	0.687651
148	RioBrVG.f.75-75	1.000000	0.004344	0	0.902267	0.898104
149	TBVG.f.79-77	0.839989	0.007396	0	0.905863	0.898747
150	JEVG.Zi.f.46-45	1.000000	0.034627	0	0.907432	0.874055
151	SLEV.jj.52	0.835582	0.017827	0	0.911471	0.894210
152	JEVG.Ig-aroa.ja.41	0.835582	-0.000795	0	0.913863	0.914635
153	aroa.JEVG.Ig.f.44-39	0.902045	-0.005431	0	0.913726	0.918997
154	JEVG.Ig.f.42	0.921772	0.001584	0	0.917842	0.916297
155	f.86	1.000000	-0.003609	0	0.915900	0.919411
156	RioBrVG.1.f2.84	0.777547	0.000510	0	0.918921	0.918423
157	TBVG.f.80-77	0.921772	0.000475	0	0.920862	0.920397
158	TBVG.f2.78	0.835582	-0.000839	0	0.921152	0.921974
159	JEVG.Zi.f.45	0.884491	-0.000996	0	0.922144	0.923120
160	NoVertHost.0.f.73	0.879012	-0.001578	0	0.923043	0.924591
161	Deng.4.w2.19	0.879012	0.002294	0	0.923111	0.920862
162	WNV.2.w2.14	1.000000	0.013018	0	0.922655	0.909896
163	UsutuV.f.54	1.000000	0.049108	0	0.920465	0.872449
164	Deng.f.17	0.863636	0.002635	0	0.921498	0.918919
165	SeaBTB.ja.72	0.803009	-0.003515	0	0.919377	0.922810
166	JE.j.33	0.750000	0.006942	0	0.922877	0.916071
167	Deng.1.f3.30	0.902045	-0.003560	0	0.922260	0.925748
168	MVEV.JEVG.MV.j.49	0.686484	0.001912	0	0.920152	0.918283
169	JE.jj.36	0.835582	0.003503	0	0.902328	0.898970
170	SLEV.jj.51	0.634491	0.009162	0	0.907053	0.898226
171	MosqFlav.f.70	0.839989	-0.000787	0	0.910137	0.910897
172	JEVG.Ig-aroa.ja.40	1.000000	-0.005623	0	0.909201	0.914631
173	JE.jj.37	0.839989	0.000127	0	0.916923	0.916799
174	JE.jj.35	1.000000	0.000232	0	0.916756	0.916530
175	YFV.f.66	0.699218	0.005946	0	0.919747	0.913937
176	Edge_Hill.YFVG.j.59	0.572848	0.004249	0	0.920120	0.915966
177	YFV.f.65	0.666646	0.002709	0	0.920189	0.917541
178	RioBrVG.ja.74	0.835582	-0.001951	0	0.921519	0.923429
179	YFV.f.64	0.839989	-0.001081	0	0.921522	0.922580
180	WNV.2.f.8	1.000000	0.176924	0	0.920476	0.747485
181	f.88	0.822848	0.001125	0	0.921984	0.920882
182	f.43-16	1.000000	0.806424	0	0.911257	0.130660
183	fw.23	1.000000	0.262681	0	0.920776	0.663851
184	f.93	1.000000	0.004140	0	0.921145	0.917094
185	f.99	0.803009	-0.002954	0	0.922778	0.925673
186	f.90	0.777547	0.006308	0	0.924096	0.917905
187	f.91	0.863480	0.005518	0	0.923575	0.918162
188	0,1M NaPP Standard pH 9	0.737329	-0.006852	0	0.920170	0.926868
189	Biotin-Marke_2,5µM	1.000000	0.854061	0	0.901908	0.083680
190	JE.j.34	0.839989	-0.007294	0	0.901150	0.908133
191	SLEV.ja.50	0.613636	0.007104	0	0.908605	0.901749
192	WNV.2.w2.13	0.666646	0.001971	0	0.911076	0.909168
193	YFV.1.ja.67	0.803009	-0.001616	0	0.914178	0.915748
194	JE.2.j.38	0.884491	0.001790	0	0.917465	0.915720
195	MVEV.JEVG.MV.ja.48	1.000000	0.017093	0	0.916871	0.900223
196	WNV.1a.f.11	1.000000	0.652365	0	0.913409	0.280445
197	TBV.f.58	0.750000	-0.002745	0	0.919634	0.922316
198	Deng.4.f3.18	0.652045	0.002983	0	0.919252	0.916340
199	JEVG.MV.f.47	1.000000	0.005888	0	0.919558	0.913807
200	WNV.f.1	1.000000	0.222961	0	0.919378	0.701634
201	RioBrVG.0.ja.85	0.560757	0.004018	0	0.924206	0.920261
202	UsutuV.j.55	0.822848	0.000430	0	0.924340	0.923918
203	TBVG.f.76	0.863636	0.004267	0	0.924274	0.920085
204	f.87	0.777547	-0.000597	0	0.923507	0.924093
205	Deng.1.f3.29	0.777547	-0.000784	0	0.924345	0.925114
206	Deng.3.f.32	0.686484	-0.000510	0	0.926260	0.926762
207	JEVG.Nt.ja.53	0.835582	0.003772	0	0.925406	0.921698
208	PowVG.f.81	0.879012	-0.001916	0	0.923009	0.924888
209	f.97	0.879012	0.004146	0	0.924242	0.920171
210	f.96	1.000000	0.012312	0	0.922046	0.909987
211	f.95	0.585582	0.004446	0	0.901738	0.897479
212	f.94	0.863480	0.006079	0	0.910914	0.905032
213	Deng.2.w2.31	0.822848	-0.000539	0	0.912175	0.912697
214	JEVG.Ig.f.39	0.765681	0.000430	0	0.914461	0.914043
215	WNV.1b.f.10	0.921772	-0.002648	0	0.915317	0.917892
216	YFV.3.f.68-67	0.835582	0.000945	0	0.916551	0.915632
217	TBV.f.57	1.000000	-0.000415	0	0.919390	0.919795
218	YFVG.ja.63-61	0.810757	-0.003764	0	0.920012	0.923690
219	WNV.f.9	1.000000	0.262078	0	0.919590	0.663585
220	f.98	1.000000	0.032724	0	0.920999	0.888984
221	f.92	0.777547	0.003137	0	0.922844	0.919769
222	YFVG.f2.62-61	0.652045	0.002779	0	0.923174	0.920448
223	MosqFlav.3.f.71-70	0.921772	-0.002521	0	0.924494	0.926969
224	Tyuleniy.f.83	0.835582	-0.001491	0	0.924695	0.926160
225	Meaban.ja.83	1.000000	0.001263	0	0.924184	0.922944
226	Edge_Hill.YFVG.j.60	0.589989	-0.002386	0	0.924827	0.927171
227	NoVertHost.f.69	0.839989	0.002815	0	0.927261	0.924488
228	TBVG.f2.77	0.666646	0.001927	0	0.925264	0.923370
229	WNV.2.f2.12	1.000000	-0.001853	0	0.924270	0.926089
230	YFVG.f.61	1.000000	0.003726	0	0.926483	0.922816
231	TBV.f.56	1.000000	0.006347	0	0.924782	0.918547
232	WNV.1a.f.7	1.000000	0.244964	0	0.902152	0.667402
233	RioBrVG.f.75-75	0.835582	0.002156	0	0.909944	0.907859
234	TBVG.f.79-77	0.835582	-0.000050	0	0.912097	0.912146
235	JEVG.Zi.f.46-45	1.000000	0.056483	0	0.907749	0.853285
236	SLEV.jj.52	0.742649	-0.001973	0	0.916891	0.918813
237	JEVG.Ig-aroa.ja.41	1.000000	0.002305	0	0.918418	0.916169
238	aroa.JEVG.Ig.f.44-39	1.000000	-0.000058	0	0.919651	0.919708
239	JEVG.Ig.f.42	0.839989	0.001234	0	0.921403	0.920195
240	f.86	0.928993	0.001846	0	0.922489	0.920680
241	RioBrVG.1.f2.84	0.613480	0.004723	0	0.920960	0.916340
242	TBVG.f.80-77	0.803009	-0.000860	0	0.923406	0.924250
243	TBVG.f2.78	0.785408	-0.002642	0	0.924274	0.926868
244	JEVG.Zi.f.45	0.863480	-0.004148	0	0.924118	0.928191
245	NoVertHost.0.f.73	0.902045	-0.003619	0	0.923227	0.926776
246	Deng.4.w2.19	0.777547	-0.000671	0	0.925235	0.925895
247	WNV.2.w2.14	1.000000	0.011245	0	0.924619	0.913574
248	UsutuV.f.54	1.000000	0.038783	0	0.924946	0.886842
249	Deng.f.17	0.902045	0.000430	0	0.927707	0.927283
250	SeaBTB.ja.72	1.000000	0.002089	0	0.927300	0.925243
251	JE.j.33	0.921772	0.001432	0	0.926964	0.925555
252	Deng.1.f3.30	0.699218	0.007706	0	0.926930	0.919343
253	MVEV.JEVG.MV.j.49	0.863480	-0.001984	0	0.903757	0.905662
254	JE.jj.36	0.839989	-0.001354	0	0.908562	0.909869
255	SLEV.jj.51	0.634491	-0.003261	0	0.911874	0.915033
256	MosqFlav.f.70	0.750000	0.002748	0	0.914789	0.912119
257	JEVG.Ig-aroa.ja.40	0.500000	-0.003665	0	0.916507	0.920075
258	JE.jj.37	1.000000	0.001269	0	0.917985	0.916747
259	JE.jj.35	0.835582	-0.000625	0	0.919591	0.920201
260	YFV.f.66	0.585582	-0.002734	0	0.920762	0.923436
261	Edge_Hill.YFVG.j.59	0.863480	0.002332	0	0.921183	0.918901
262	YFV.f.65	0.553009	0.001086	0	0.921885	0.920822
263	RioBrVG.ja.74	0.634491	0.002790	0	0.923184	0.920448
264	YFV.f.64	0.527547	0.004781	0	0.924021	0.919328
265	WNV.2.f.8	1.000000	0.167703	0	0.923587	0.759059
266	f.88	0.803009	0.001567	0	0.925657	0.924116
267	f.43-16	1.000000	0.824632	0	0.915319	0.113539
268	fw.23	1.000000	0.333297	0	0.922781	0.596079
269	f.93	0.785408	0.002163	0	0.926240	0.924112
270	f.99	0.742649	0.002143	0	0.926539	0.924430
271	f.90	0.863480	0.002815	0	0.927333	0.924560
272	f.91	1.000000	0.001319	0	0.927428	0.926129
273	0,1M NaPP Standard pH 9	0.835582	-0.002345	0	0.926740	0.929048
274	Biotin-Marke_2,5µM	1.000000	0.866082	0	0.887564	0.071016
276	JE.j.34	0.879012	-0.004353	0	0.909543	0.913749
277	SLEV.ja.50	0.703625	0.001371	0	0.912935	0.911606
281	WNV.2.w2.13	1.000000	-0.001180	0	0.918679	0.919831
282	YFV.1.ja.67	0.589989	0.004347	0	0.923217	0.918954
283	JE.2.j.38	0.822848	0.003460	0	0.923444	0.920049
284	MVEV.JEVG.MV.ja.48	1.000000	0.018584	0	0.922559	0.904347
285	WNV.1a.f.11	1.000000	0.739010	0	0.915858	0.196904
286	TBV.f.58	0.921772	-0.001945	0	0.923937	0.925846
287	Deng.4.f3.18	0.699218	-0.002723	0	0.925252	0.927928
288	JEVG.MV.f.47	0.921772	0.001222	0	0.923965	0.922766
292	WNV.f.1	1.000000	0.232196	0	0.925348	0.697113
293	RioBrVG.0.ja.85	0.839989	0.001691	0	0.928249	0.926582
294	UsutuV.j.55	0.750000	0.037517	0	0.927614	0.890647
295	TBVG.f.76	0.765681	0.005293	0	0.901305	0.896237
296	f.87	0.585582	-0.005985	0	0.906284	0.912045
297	Deng.1.f3.29	0.884491	0.003149	0	0.912169	0.909117
298	Deng.3.f.32	0.863480	-0.005286	0	0.911629	0.916747
302	JEVG.Nt.ja.53	0.839989	0.002149	0	0.922179	0.920073
303	PowVG.f.81	0.765681	0.002257	0	0.922508	0.920297
304	f.97	1.000000	0.002779	0	0.925490	0.922758
305	f.96	1.000000	0.006231	0	0.919285	0.913201
306	f.95	1.000000	-0.001883	0	0.923947	0.925795
307	f.94	1.000000	0.003697	0	0.924147	0.920518
308	Deng.2.w2.31	1.000000	0.001197	0	0.924235	0.923060
309	JEVG.Ig.f.39	0.641183	-0.003365	0	0.923355	0.926656
313	WNV.1b.f.10	1.000000	-0.006962	0	0.920124	0.926928
314	YFV.3.f.68-67	0.822848	-0.002865	0	0.926784	0.929605
315	TBV.f.57	0.572848	-0.006149	0	0.926163	0.932213
316	YFVG.ja.63-61	0.750000	0.003722	0	0.901979	0.898413
317	WNV.f.9	1.000000	0.285737	0	0.905883	0.630928
318	f.98	1.000000	0.025731	0	0.908853	0.884012
319	f.92	0.703625	-0.004245	0	0.910679	0.914785
323	YFVG.f2.62-61	1.000000	-0.001921	0	0.921509	0.923389
324	MosqFlav.3.f.71-70	0.921772	-0.000852	0	0.923077	0.923912
325	Tyuleniy.f.83	0.902045	0.001379	0	0.924586	0.923231
326	Meaban.ja.83	0.902045	0.005551	0	0.924926	0.919472
327	Edge_Hill.YFVG.j.60	0.839989	0.007186	0	0.923851	0.916799
328	NoVertHost.f.69	1.000000	0.000696	0	0.927348	0.926662
329	TBVG.f2.77	0.822848	-0.002938	0	0.923297	0.926178
330	WNV.2.f2.12	1.000000	-0.001208	0	0.926131	0.927319
334	YFVG.f.61	0.863636	0.002157	0	0.926766	0.924642
335	TBV.f.56	0.641183	0.004457	0	0.926804	0.922416
336	WNV.1a.f.7	0.879012	0.262541	0	0.925522	0.667411
337	RioBrVG.f.75-75	0.863480	-0.002515	0	0.899680	0.902083
338	TBVG.f.79-77	0.879012	0.002424	0	0.905546	0.903215
339	JEVG.Zi.f.46-45	1.000000	0.034051	0	0.908713	0.875845
340	SLEV.jj.52	0.835582	-0.002363	0	0.912657	0.914947
344	JEVG.Ig-aroa.ja.41	0.822848	0.001487	0	0.921489	0.920033
345	aroa.JEVG.Ig.f.44-39	1.000000	0.003466	0	0.927451	0.924036
346	JEVG.Ig.f.42	0.863480	0.001557	0	0.924850	0.923320
347	f.86	0.777547	-0.000957	0	0.924743	0.925683
348	RioBrVG.1.f2.84	0.839989	-0.000321	0	0.925862	0.926178
349	TBVG.f.80-77	0.839989	0.000866	0	0.927452	0.926599
350	TBVG.f2.78	0.839989	-0.000888	0	0.925628	0.926501
351	JEVG.Zi.f.45	1.000000	-0.001091	0	0.925768	0.926841
352	NoVertHost.0.f.73	0.803009	0.001141	0	0.925927	0.924804
353	Deng.4.w2.19	0.822848	0.000023	0	0.925449	0.925426
354	WNV.2.w2.14	1.000000	0.015907	0	0.925977	0.910330
355	UsutuV.f.54	1.000000	0.034258	0	0.924570	0.890925
356	Deng.f.17	0.839989	0.000199	0	0.926950	0.926754
357	SeaBTB.ja.72	0.641183	-0.005542	0	0.924184	0.929624
358	JE.j.33	0.777547	0.005221	0	0.900243	0.895251
359	Deng.1.f3.30	1.000000	-0.005014	0	0.903336	0.908147
360	MVEV.JEVG.MV.j.49	0.750000	0.003605	0	0.909177	0.905696
361	JE.jj.36	0.902045	0.002632	0	0.913838	0.911283
362	SLEV.jj.51	0.835582	0.002696	0	0.915580	0.912958
363	MosqFlav.f.70	0.863636	-0.002475	0	0.916721	0.919131
364	JEVG.Ig-aroa.ja.40	1.000000	-0.002525	0	0.917441	0.919902
365	JE.jj.37	0.572848	0.001177	0	0.922161	0.921008
366	JE.jj.35	0.674394	0.002299	0	0.923293	0.921039
367	YFV.f.66	0.613480	-0.001514	0	0.924750	0.926237
368	Edge_Hill.YFVG.j.59	0.613636	0.005047	0	0.924511	0.919555
369	YFV.f.65	0.879012	-0.006438	0	0.919328	0.925615
370	RioBrVG.ja.74	0.884491	-0.000586	0	0.925491	0.926067
371	YFV.f.64	0.822848	0.010099	0	0.924280	0.914365
372	WNV.2.f.8	1.000000	0.204594	0	0.918807	0.719125
373	f.88	0.810757	-0.004650	0	0.919134	0.923674
374	f.43-16	1.000000	0.823105	0	0.918371	0.115406
375	fw.23	1.000000	0.342312	0	0.921025	0.586124
376	f.93	0.699218	0.002684	0	0.925585	0.922946
377	f.99	0.822848	-0.000900	0	0.923718	0.924601
378	f.90	0.777547	-0.003933	0	0.924257	0.928119
379	f.91	0.527547	0.003180	0	0.899584	0.896545
380	0,1M NaPP Standard pH 9	0.500000	-0.003412	0	0.903727	0.907003
381	Biotin-Marke_2,5µM	1.000000	0.867384	0	0.895238	0.070392
383	JE.j.34	0.641183	-0.001438	0	0.914237	0.915633
384	SLEV.ja.50	0.777547	0.003956	0	0.916811	0.912958
385	WNV.2.w2.13	0.863636	0.002462	0	0.918459	0.916057
386	YFV.1.ja.67	0.902045	0.000660	0	0.920847	0.920201
387	JE.2.j.38	0.879012	0.001351	0	0.922162	0.920838
388	MVEV.JEVG.MV.ja.48	1.000000	0.022521	0	0.921015	0.898983
389	WNV.1a.f.11	1.000000	0.786741	0	0.914335	0.150218
390	TBV.f.58	0.613480	-0.004727	0	0.925326	0.929972
391	Deng.4.f3.18	1.000000	-0.003600	0	0.924015	0.927548
392	JEVG.MV.f.47	0.863480	0.003832	0	0.924110	0.920347
393	WNV.f.1	1.000000	0.275690	0	0.924050	0.653443
394	RioBrVG.0.ja.85	1.000000	0.015538	0	0.923158	0.907922
395	UsutuV.j.55	0.921772	-0.003221	0	0.924834	0.927998
396	TBVG.f.76	1.000000	0.005516	0	0.926309	0.920882
397	f.87	1.000000	0.002452	0	0.926797	0.924383
398	Deng.1.f3.29	1.000000	0.002260	0	0.927267	0.925041
399	Deng.3.f.32	0.623693	0.001743	0	0.925523	0.923810
400	JEVG.Nt.ja.53	0.703625	-0.006535	0	0.893953	0.900159
401	PowVG.f.81	0.884491	-0.002492	0	0.903359	0.905750
402	f.97	1.000000	0.000527	0	0.905255	0.904748
403	f.96	1.000000	0.013136	0	0.909600	0.896908
404	f.95	0.613636	-0.004841	0	0.910000	0.914679
405	f.94	0.921772	0.002403	0	0.914816	0.912480
406	Deng.2.w2.31	1.000000	0.003066	0	0.916518	0.913533
407	JEVG.Ig.f.39	0.750000	0.006499	0	0.919889	0.913539
408	WNV.1b.f.10	0.777547	-0.004888	0	0.914450	0.919198
409	YFV.3.f.68-67	0.879012	-0.000560	0	0.919053	0.919600
410	TBV.f.57	0.822848	0.001248	0	0.921740	0.920518
411	YFVG.ja.63-61	1.000000	0.000939	0	0.924585	0.923663
412	WNV.f.9	1.000000	0.342776	0	0.919591	0.584758
413	f.98	1.000000	0.044661	0	0.921715	0.877988
414	f.92	0.553009	0.004967	0	0.922514	0.917647
415	YFVG.f2.62-61	0.873693	0.002622	0	0.922660	0.920090
416	MosqFlav.3.f.71-70	0.879012	0.005377	0	0.926216	0.920926
417	Tyuleniy.f.83	1.000000	0.002733	0	0.924172	0.921488
418	Meaban.ja.83	0.822848	0.010340	0	0.925134	0.914973
419	Edge_Hill.YFVG.j.60	0.863636	-0.005795	0	0.920565	0.926232
420	NoVertHost.f.69	0.879012	0.005590	0	0.924293	0.918805
421	TBVG.f2.77	0.560757	0.004254	0	0.891235	0.887208
422	WNV.2.f2.12	0.785408	-0.004943	0	0.895563	0.900265
423	YFVG.f.61	0.803009	-0.002521	0	0.900001	0.902411
424	TBV.f.56	0.863480	0.005811	0	0.909080	0.903468
425	WNV.1a.f.7	1.000000	0.306440	0	0.907517	0.612109
426	RioBrVG.f.75-75	0.822848	-0.002946	0	0.910811	0.913662
427	TBVG.f.79-77	0.863636	-0.001401	0	0.914590	0.915951
428	JEVG.Zi.f.46-45	1.000000	0.086876	0	0.914624	0.830219
429	SLEV.jj.52	0.585582	-0.003605	0	0.917681	0.921195
430	JEVG.Ig-aroa.ja.41	0.822848	0.002195	0	0.917730	0.915590
431	aroa.JEVG.Ig.f.44-39	0.613480	0.001783	0	0.918265	0.916527
432	JEVG.Ig.f.42	0.686484	0.004335	0	0.920828	0.916587
433	f.86	0.839989	-0.001767	0	0.920246	0.921974
434	RioBrVG.1.f2.84	0.873693	0.001759	0	0.921168	0.919447
435	TBVG.f.80-77	0.641183	0.004704	0	0.920977	0.916375
436	TBVG.f2.78	0.641183	-0.003685	0	0.920826	0.924430
437	JEVG.Zi.f.45	0.884491	0.002293	0	0.921347	0.919103
438	NoVertHost.0.f.73	0.879012	0.005867	0	0.922955	0.917203
439	Deng.4.w2.19	0.765681	0.002180	0	0.922007	0.919873
440	WNV.2.w2.14	1.000000	0.020628	0	0.921236	0.901050
441	UsutuV.f.54	0.902045	0.040111	0	0.917230	0.878149
